object={
	name="baobab_generator_1_0"
	clamp_to_water_level=no
	render_under_water=no
	generated_content=yes
	layer="semidynamic"
	pdxmesh="tree_baobab_01_mesh"
	count=28
	transform="1277.734009 0.000000 1559.288330 0.000000 0.424902 0.000000 0.905240 0.287659 0.287659 0.287659
1274.989014 0.000000 1558.712158 0.000000 0.109411 0.000000 0.993997 0.288399 0.288399 0.288399
1301.636475 0.000000 1410.127197 0.000000 0.417926 0.000000 0.908481 0.299469 0.299469 0.299469
1299.281494 0.000000 1411.279419 0.000000 0.005007 0.000000 0.999987 0.285307 0.285307 0.285307
1309.587891 0.000000 1601.230225 0.000000 0.272304 0.000000 0.962211 0.292179 0.292179 0.292179
1306.616211 0.000000 1605.644897 0.000000 0.255582 0.000000 0.966787 0.293894 0.293894 0.293894
1290.276367 0.000000 1715.138672 0.000000 0.623685 0.000000 0.781676 0.296430 0.296430 0.296430
1920.205078 0.000000 1942.887451 0.000000 0.207265 0.000000 0.978285 0.289035 0.289035 0.289035
5168.015137 0.000000 1157.468994 0.000000 0.360008 0.000000 0.932949 0.320395 0.320395 0.320395
5176.270996 0.000000 1150.197266 0.000000 0.086649 0.000000 0.996239 0.286628 0.286628 0.286628
5168.749512 0.000000 1152.295166 0.000000 0.690234 0.000000 0.723586 0.328789 0.328789 0.328789
5174.075195 0.000000 1151.232544 0.000000 0.571551 0.000000 0.820567 0.326478 0.326478 0.326478
5169.818848 0.000000 1156.435181 0.000000 0.613152 0.000000 0.789965 0.338351 0.338351 0.338351
5203.921875 0.000000 1154.012939 0.000000 0.146515 0.000000 0.989208 0.291589 0.291589 0.291589
5184.315430 0.000000 1156.113037 0.000000 0.424452 0.000000 0.905450 0.284709 0.284709 0.284709
5189.002930 0.000000 1165.815552 0.000000 0.112422 0.000000 0.993661 0.279204 0.279204 0.279204
5229.452148 0.000000 1158.257324 0.000000 0.298147 0.000000 0.954520 0.315791 0.315791 0.315791
5208.466797 0.000000 1156.211548 0.000000 0.681708 0.000000 0.731624 0.337303 0.337303 0.337303
5229.660156 0.000000 1161.637817 0.000000 0.579161 0.000000 0.815213 0.327189 0.327189 0.327189
5202.017090 0.000000 1153.472168 0.000000 0.066194 0.000000 0.997807 0.298347 0.298347 0.298347
5227.434082 0.000000 1158.777588 0.000000 0.660477 0.000000 0.750847 0.335115 0.335115 0.335115
5196.710449 0.000000 1166.421265 0.000000 0.482528 0.000000 0.875881 0.325662 0.325662 0.325662
5207.405273 0.000000 1159.056641 0.000000 0.675912 0.000000 0.736983 0.338148 0.338148 0.338148
5201.551270 0.000000 1163.629517 0.000000 0.065242 0.000000 0.997869 0.288370 0.288370 0.288370
5206.790527 0.000000 1156.216309 0.000000 0.129930 0.000000 0.991523 0.289954 0.289954 0.289954
5200.015625 0.000000 1163.471802 0.000000 0.486809 0.000000 0.873508 0.321228 0.321228 0.321228
5228.297363 0.000000 1161.739990 0.000000 0.478897 0.000000 0.877871 0.318151 0.318151 0.318151
6335.419434 0.000000 360.778320 0.000000 0.462682 0.000000 0.886524 0.282624 0.282624 0.282624
"}
object={
	name="baobab_generator_1_1"
	clamp_to_water_level=no
	render_under_water=no
	generated_content=yes
	layer="semidynamic"
	pdxmesh="tree_baobab_02_mesh"
	count=34
	transform="1272.851562 0.000000 1556.690552 0.000000 0.999830 0.000000 0.018461 0.327569 0.327569 0.327569
1297.114990 0.000000 1410.184814 0.000000 0.993440 0.000000 0.114355 0.343250 0.343250 0.343250
1309.234741 0.000000 1605.271240 0.000000 0.967731 0.000000 0.251987 0.330707 0.330707 0.330707
4958.773926 0.000000 1315.612305 0.000000 0.819372 0.000000 0.573262 0.301654 0.301654 0.301654
5171.521484 0.000000 1157.696411 0.000000 0.869328 0.000000 0.494236 0.367090 0.367090 0.367090
5181.935547 0.000000 1159.717529 0.000000 0.851839 0.000000 0.523804 0.314162 0.314162 0.314162
5170.278320 0.000000 1160.396362 0.000000 0.728980 0.000000 0.684536 0.343971 0.343971 0.343971
5187.716309 0.000000 1170.793701 0.000000 0.871491 0.000000 0.490412 0.342779 0.342779 0.342779
5193.163574 0.000000 1168.988281 0.000000 0.715135 0.000000 0.698987 0.344930 0.344930 0.344930
5206.596680 0.000000 1150.218628 0.000000 0.968494 0.000000 0.249038 0.383035 0.383035 0.383035
5184.073242 0.000000 1168.249023 0.000000 0.861602 0.000000 0.507584 0.359329 0.359329 0.359329
5207.828125 0.000000 1153.864258 0.000000 0.922852 0.000000 0.385155 0.349911 0.349911 0.349911
5228.877441 0.000000 1163.474487 0.000000 0.981006 0.000000 0.193979 0.386402 0.386402 0.386402
5243.206543 0.000000 1159.668213 0.000000 0.967809 0.000000 0.251686 0.380564 0.380564 0.380564
5222.386719 0.000000 1152.035645 0.000000 0.732792 0.000000 0.680453 0.342828 0.342828 0.342828
5239.542480 0.000000 1152.817261 0.000000 0.776248 0.000000 0.630427 0.317455 0.317455 0.317455
5204.724609 0.000000 1159.387939 0.000000 0.848866 0.000000 0.528608 0.357451 0.357451 0.357451
5204.471191 0.000000 1151.513062 0.000000 0.992278 0.000000 0.124031 0.390500 0.390500 0.390500
5202.931641 0.000000 1161.013672 0.000000 0.859474 0.000000 0.511179 0.350590 0.350590 0.350590
5202.112793 0.000000 1155.879150 0.000000 0.733754 0.000000 0.679415 0.343123 0.343123 0.343123
5238.075195 0.000000 1151.232544 0.000000 0.923564 0.000000 0.383444 0.369937 0.369937 0.369937
5215.716309 0.000000 1170.138062 0.000000 0.958984 0.000000 0.283461 0.378044 0.378044 0.378044
5205.939941 0.000000 1155.020874 0.000000 0.900152 0.000000 0.435577 0.370184 0.370184 0.370184
5189.887695 0.000000 1160.516113 0.000000 0.999871 0.000000 0.016046 0.398894 0.398894 0.398894
5186.331055 0.000000 1169.633301 0.000000 0.887804 0.000000 0.460222 0.363465 0.363465 0.363465
5214.384766 0.000000 1171.282227 0.000000 0.900650 0.000000 0.434545 0.365658 0.365658 0.365658
5225.028320 0.000000 1156.394287 0.000000 0.964345 0.000000 0.264647 0.379539 0.379539 0.379539
5226.288086 0.000000 1160.369751 0.000000 0.814404 0.000000 0.580298 0.352705 0.352705 0.352705
5229.740723 0.000000 1159.896729 0.000000 0.779735 0.000000 0.626110 0.355071 0.355071 0.355071
5209.662598 0.000000 1152.482788 0.000000 0.804655 0.000000 0.593743 0.351436 0.351436 0.351436
5223.139160 0.000000 1153.415161 0.000000 0.987899 0.000000 0.155100 0.388103 0.388103 0.388103
5194.652832 0.000000 1168.753296 0.000000 0.868168 0.000000 0.496270 0.360329 0.360329 0.360329
5203.482422 0.000000 1155.377441 0.000000 0.971010 0.000000 0.239041 0.381620 0.381620 0.381620
5184.096680 0.000000 1169.724976 0.000000 0.977855 0.000000 0.209283 0.383893 0.383893 0.383893
"}
object={
	name="baobab_generator_1_2"
	clamp_to_water_level=no
	render_under_water=no
	generated_content=yes
	layer="semidynamic"
	pdxmesh="tree_baobab_03_mesh"
	count=22
	transform="1301.436035 0.000000 1406.922974 0.000000 0.998623 0.000000 -0.052466 0.349706 0.349706 0.349706
1306.661499 0.000000 1603.000122 0.000000 0.748235 0.000000 -0.663434 0.389756 0.389756 0.389756
1310.089844 0.000000 1610.497803 0.000000 0.793916 0.000000 -0.608027 0.375453 0.375453 0.375453
5171.409180 0.000000 1155.173706 0.000000 0.828464 0.000000 -0.560043 0.440069 0.440069 0.440069
5175.370605 0.000000 1163.342896 0.000000 0.804430 0.000000 -0.594047 0.448593 0.448593 0.448593
5177.763184 0.000000 1150.703125 0.000000 0.855212 0.000000 -0.518279 0.441622 0.441622 0.441622
5170.992676 0.000000 1159.093628 0.000000 0.805681 0.000000 -0.592350 0.448432 0.448432 0.448432
5242.133789 0.000000 1157.151978 0.000000 0.969914 0.000000 -0.243447 0.418787 0.418787 0.418787
5206.690430 0.000000 1157.704468 0.000000 0.769843 0.000000 -0.638234 0.452880 0.452880 0.452880
5200.913574 0.000000 1162.257568 0.000000 0.747955 0.000000 -0.663749 0.453818 0.453818 0.453818
5228.084473 0.000000 1160.431274 0.000000 0.826805 0.000000 -0.562489 0.445637 0.445637 0.445637
5195.713867 0.000000 1167.690674 0.000000 0.852508 0.000000 -0.522715 0.442019 0.442019 0.442019
5184.010254 0.000000 1158.373779 0.000000 0.763481 0.000000 -0.645830 0.450657 0.450657 0.450657
5201.646484 0.000000 1149.012329 0.000000 0.972192 0.000000 -0.234186 0.397978 0.397978 0.397978
5239.086426 0.000000 1166.303833 0.000000 0.952918 0.000000 -0.303228 0.423535 0.423535 0.423535
5195.164062 0.000000 1166.242676 0.000000 0.757065 0.000000 -0.653340 0.454392 0.454392 0.454392
5185.437988 0.000000 1167.648071 0.000000 0.850749 0.000000 -0.525571 0.437993 0.437993 0.437993
5226.089355 0.000000 1163.300781 0.000000 0.835539 0.000000 -0.549431 0.444437 0.444437 0.444437
5206.003418 0.000000 1158.903809 0.000000 0.989388 0.000000 -0.145295 0.410884 0.410884 0.410884
5242.078125 0.000000 1158.960205 0.000000 0.996043 0.000000 -0.088872 0.406798 0.406798 0.406798
5209.165527 0.000000 1153.886108 0.000000 0.999883 0.000000 -0.015283 0.401168 0.401168 0.401168
5215.716309 0.000000 1171.459595 0.000000 0.847032 0.000000 -0.531542 0.442813 0.442813 0.442813
"}
object={
	name="baobab_generator_1_3"
	clamp_to_water_level=no
	render_under_water=no
	generated_content=yes
	layer="semidynamic"
	pdxmesh="tree_baobab_04_mesh"
	count=31
	transform="1212.718994 0.000000 1566.309570 0.000000 0.570284 0.000000 -0.821448 0.404086 0.404086 0.404086
1299.100220 0.000000 1408.371948 0.000000 0.627611 0.000000 -0.778527 0.393360 0.393360 0.393360
1298.973877 0.000000 1413.512329 0.000000 0.684983 0.000000 -0.728559 0.372851 0.372851 0.372851
1166.189453 0.000000 1674.490601 0.000000 0.304670 0.000000 -0.952458 0.386965 0.386965 0.386965
1306.840820 0.000000 1608.266846 0.000000 0.646205 0.000000 -0.763164 0.367936 0.367936 0.367936
5164.304199 0.000000 1153.386841 0.000000 0.017820 0.000000 -0.999841 0.460119 0.460119 0.460119
5172.288574 0.000000 1150.517578 0.000000 0.608091 0.000000 -0.793867 0.449332 0.449332 0.449332
5183.198730 0.000000 1164.707520 0.000000 0.095187 0.000000 -0.995459 0.497615 0.497615 0.497615
5176.549805 0.000000 1151.663330 0.000000 0.436827 0.000000 -0.899546 0.485465 0.485465 0.485465
5174.872070 0.000000 1150.072876 0.000000 0.172577 0.000000 -0.984996 0.506750 0.506750 0.506750
5234.281250 0.000000 1172.756714 0.000000 0.377356 0.000000 -0.926068 0.428877 0.428877 0.428877
5231.365234 0.000000 1160.491089 0.000000 0.551724 0.000000 -0.834027 0.475353 0.475353 0.475353
5194.276367 0.000000 1150.294922 0.000000 0.616358 0.000000 -0.787466 0.370928 0.370928 0.370928
5237.811523 0.000000 1170.986572 0.000000 0.188931 0.000000 -0.981990 0.414469 0.414469 0.414469
5220.219727 0.000000 1169.844971 0.000000 0.220002 0.000000 -0.975500 0.496992 0.496992 0.496992
5201.983398 0.000000 1151.055786 0.000000 0.322214 0.000000 -0.946667 0.494937 0.494937 0.494937
5195.443359 0.000000 1159.674561 0.000000 0.255649 0.000000 -0.966770 0.489439 0.489439 0.489439
5240.956055 0.000000 1155.103271 0.000000 0.196692 0.000000 -0.980465 0.504875 0.504875 0.504875
5185.116211 0.000000 1166.186768 0.000000 0.386491 0.000000 -0.922293 0.480599 0.480599 0.480599
5195.567871 0.000000 1169.840820 0.000000 0.320082 0.000000 -0.947390 0.495109 0.495109 0.495109
5239.633301 0.000000 1148.405396 0.000000 0.434778 0.000000 -0.900538 0.485638 0.485638 0.485638
5227.248535 0.000000 1162.513550 0.000000 0.358769 0.000000 -0.933426 0.491967 0.491967 0.491967
5209.702148 0.000000 1155.129761 0.000000 0.228568 0.000000 -0.973528 0.502383 0.502383 0.502383
5188.650391 0.000000 1167.463623 0.000000 0.029604 0.000000 -0.999562 0.517738 0.517738 0.517738
5222.613281 0.000000 1150.558228 0.000000 0.074584 0.000000 -0.997215 0.514297 0.514297 0.514297
5243.155762 0.000000 1158.137817 0.000000 0.647797 0.000000 -0.761813 0.466166 0.466166 0.466166
5238.872070 0.000000 1150.072876 0.000000 0.557820 0.000000 -0.829962 0.474793 0.474793 0.474793
5239.001953 0.000000 1164.722168 0.000000 0.281955 0.000000 -0.959428 0.498164 0.498164 0.498164
5231.812988 0.000000 1161.791992 0.000000 0.562206 0.000000 -0.826997 0.474389 0.474389 0.474389
5185.161133 0.000000 1168.967651 0.000000 0.698635 0.000000 -0.715478 0.460910 0.460910 0.460910
6343.650879 0.000000 412.878021 0.000000 0.286006 0.000000 -0.958228 0.375310 0.375310 0.375310
"}
