object={
	name="bush_dry_02_generator_2_0"
	clamp_to_water_level=no
	render_under_water=no
	generated_content=yes
	layer="semidynamic_high"
	pdxmesh="tree_bush_05_mesh"
	count=57
	transform="4680.331055 0.000000 807.580872 0.000000 0.639892 0.000000 0.768465 0.237008 0.237008 0.237008
4926.777344 0.000000 1940.896973 0.000000 0.127763 0.000000 0.991805 0.234828 0.234828 0.234828
4924.957031 0.000000 1945.234619 0.000000 0.580871 0.000000 0.813995 0.238930 0.238930 0.238930
4876.093750 0.000000 1928.556274 0.000000 0.573863 0.000000 0.818952 0.239459 0.239459 0.239459
4925.822754 0.000000 1944.435547 0.000000 0.723487 0.000000 0.690338 0.241131 0.241131 0.241131
4923.891113 0.000000 1939.119507 0.000000 0.488872 0.000000 0.872356 0.237033 0.237033 0.237033
4878.198242 0.000000 1929.181152 0.000000 0.629330 0.000000 0.777138 0.238472 0.238472 0.238472
4921.221680 0.000000 1943.296997 0.000000 0.994591 0.000000 0.103871 0.248448 0.248448 0.248448
4921.530273 0.000000 1942.363037 0.000000 0.876935 0.000000 0.480610 0.242521 0.242521 0.242521
4918.776855 0.000000 1943.007080 0.000000 0.860507 0.000000 0.509439 0.242160 0.242160 0.242160
4920.372559 0.000000 1943.309570 0.000000 0.910782 0.000000 0.412888 0.243651 0.243651 0.243651
4930.873047 0.000000 1946.759033 0.000000 0.440485 0.000000 0.897760 0.239878 0.239878 0.239878
4939.910645 0.000000 1948.151733 0.000000 0.216748 0.000000 0.976228 0.237930 0.237930 0.237930
4938.112305 0.000000 1938.622681 0.000000 0.627604 0.000000 0.778532 0.241841 0.241841 0.241841
4929.541504 0.000000 1941.632812 0.000000 0.657202 0.000000 0.753714 0.241661 0.241661 0.241661
4940.302734 0.000000 1940.867188 0.000000 0.656163 0.000000 0.754619 0.241621 0.241621 0.241621
4932.728516 0.000000 1940.715088 0.000000 0.757612 0.000000 0.652706 0.242321 0.242321 0.242321
4928.212402 0.000000 1944.108887 0.000000 0.963461 0.000000 0.267848 0.246217 0.246217 0.246217
4940.520508 0.000000 1947.102905 0.000000 0.961284 0.000000 0.275559 0.246672 0.246672 0.246672
4934.064453 0.000000 1944.643677 0.000000 0.999731 0.000000 0.023180 0.249682 0.249682 0.249682
4939.529297 0.000000 1943.621582 0.000000 0.800670 0.000000 0.599106 0.241260 0.241260 0.241260
4938.822754 0.000000 1942.195312 0.000000 0.770301 0.000000 0.637680 0.240592 0.240592 0.240592
4938.165039 0.000000 1945.400513 0.000000 0.802400 0.000000 0.596787 0.241419 0.241419 0.241419
4933.828613 0.000000 1942.225098 0.000000 0.846458 0.000000 0.532456 0.242535 0.242535 0.242535
4939.486816 0.000000 1947.236328 0.000000 0.933121 0.000000 0.359561 0.245191 0.245191 0.245191
4928.727051 0.000000 1945.950195 0.000000 0.947485 0.000000 0.319800 0.245459 0.245459 0.245459
4938.630859 0.000000 1943.281616 0.000000 0.661494 0.000000 0.749950 0.238462 0.238462 0.238462
4934.645996 0.000000 1942.921753 0.000000 0.135138 0.000000 0.990827 0.228635 0.228635 0.228635
4661.732422 0.000000 2258.452881 0.000000 0.914327 0.000000 0.404977 0.245511 0.245511 0.245511
4662.278809 0.000000 2259.406982 0.000000 0.788013 0.000000 0.615659 0.243398 0.243398 0.243398
6331.669434 0.000000 2448.532959 0.000000 0.456364 0.000000 0.889793 0.240689 0.240689 0.240689
6343.650879 0.000000 2446.315430 0.000000 0.918695 0.000000 0.394968 0.246693 0.246693 0.246693
6375.553711 0.000000 2446.030518 0.000000 0.892795 0.000000 0.450463 0.246034 0.246034 0.246034
6379.534668 0.000000 2444.817871 0.000000 0.858602 0.000000 0.512642 0.245213 0.245213 0.245213
6358.909180 0.000000 2439.827881 0.000000 0.994953 0.000000 0.100342 0.249125 0.249125 0.249125
6363.921387 0.000000 2444.783936 0.000000 0.550266 0.000000 0.834989 0.240934 0.240934 0.240934
6374.658203 0.000000 2437.049072 0.000000 0.217696 0.000000 0.976017 0.237560 0.237560 0.237560
6347.910645 0.000000 2456.510986 0.000000 0.888744 0.000000 0.458404 0.245557 0.245557 0.245557
6336.010254 0.000000 2457.514404 0.000000 0.343009 0.000000 0.939332 0.238686 0.238686 0.238686
6370.304199 0.000000 2444.927979 0.000000 0.400539 0.000000 0.916280 0.239658 0.239658 0.239658
6366.946777 0.000000 2442.067139 0.000000 0.456848 0.000000 0.889545 0.239223 0.239223 0.239223
6352.326660 0.000000 2451.495117 0.000000 0.426013 0.000000 0.904717 0.239273 0.239273 0.239273
6356.672363 0.000000 2448.385498 0.000000 0.996478 0.000000 0.083849 0.249193 0.249193 0.249193
6362.413574 0.000000 2437.099609 0.000000 0.248504 0.000000 0.968631 0.237563 0.237563 0.237563
6367.953125 0.000000 2434.503418 0.000000 0.783703 0.000000 0.621136 0.243747 0.243747 0.243747
6350.324707 0.000000 2452.716064 0.000000 0.063215 0.000000 0.998000 0.236122 0.236122 0.236122
6353.646484 0.000000 2448.152832 0.000000 0.770210 0.000000 0.637791 0.243223 0.243223 0.243223
6362.396484 0.000000 2438.865967 0.000000 0.930981 0.000000 0.365067 0.246443 0.246443 0.246443
6353.241211 0.000000 2446.459473 0.000000 0.856260 0.000000 0.516545 0.244664 0.244664 0.244664
6373.573730 0.000000 2440.332275 0.000000 0.655236 0.000000 0.755424 0.241716 0.241716 0.241716
6368.125000 0.000000 2437.970215 0.000000 0.775941 0.000000 0.630806 0.243290 0.243290 0.243290
6347.004883 0.000000 2454.648193 0.000000 0.958121 0.000000 0.286365 0.247091 0.247091 0.247091
6357.555664 0.000000 2444.593994 0.000000 0.451208 0.000000 0.892419 0.239333 0.239333 0.239333
6354.442871 0.000000 2445.207275 0.000000 0.999190 0.000000 0.040247 0.249604 0.249604 0.249604
6368.356445 0.000000 2441.195068 0.000000 0.789159 0.000000 0.614190 0.243251 0.243251 0.243251
6355.159180 0.000000 2449.047607 0.000000 0.982846 0.000000 0.184429 0.248177 0.248177 0.248177
6345.808594 0.000000 2451.186279 0.000000 0.582443 0.000000 0.812872 0.240256 0.240256 0.240256
"}
object={
	name="bush_dry_02_generator_2_1"
	clamp_to_water_level=no
	render_under_water=no
	generated_content=yes
	layer="semidynamic_high"
	pdxmesh="tree_bush_06_mesh"
	count=59
	transform="4680.898926 0.000000 805.676147 0.000000 0.793504 0.000000 -0.608565 0.258963 0.258963 0.258963
4681.736816 0.000000 804.967468 0.000000 0.110667 0.000000 -0.993858 0.270000 0.270000 0.270000
4681.038574 0.000000 806.642212 0.000000 0.855254 0.000000 -0.518209 0.258075 0.258075 0.258075
4681.986816 0.000000 806.973450 0.000000 0.377341 0.000000 -0.926074 0.267549 0.267549 0.267549
4877.243652 0.000000 1927.709839 0.000000 0.870661 0.000000 -0.491884 0.254477 0.254477 0.254477
4877.156250 0.000000 1929.405151 0.000000 0.999581 0.000000 -0.028961 0.250318 0.250318 0.250318
4880.744141 0.000000 1930.063477 0.000000 0.406853 0.000000 -0.913494 0.262113 0.262113 0.262113
4896.928711 0.000000 1936.459961 0.000000 0.015885 0.000000 -0.999874 0.266401 0.266401 0.266401
4923.732422 0.000000 1943.170898 0.000000 0.999015 0.000000 -0.044384 0.250579 0.250579 0.250579
4926.953125 0.000000 1945.626343 0.000000 0.176954 0.000000 -0.984219 0.269430 0.269430 0.269430
4903.576660 0.000000 1938.855225 0.000000 0.822626 0.000000 -0.568583 0.257776 0.257776 0.257776
4924.821777 0.000000 1942.508301 0.000000 0.698358 0.000000 -0.715748 0.259808 0.259808 0.259808
4926.343750 0.000000 1942.073120 0.000000 0.785918 0.000000 -0.618330 0.259299 0.259299 0.259299
4927.271973 0.000000 1943.389526 0.000000 0.959706 0.000000 -0.281006 0.253973 0.253973 0.253973
4922.651855 0.000000 1942.051392 0.000000 0.685200 0.000000 -0.728355 0.260643 0.260643 0.260643
4918.652344 0.000000 1943.951538 0.000000 0.879615 0.000000 -0.475687 0.257271 0.257271 0.257271
4930.422852 0.000000 1948.868408 0.000000 0.942819 0.000000 -0.333306 0.253160 0.253160 0.253160
4928.520996 0.000000 1940.238770 0.000000 0.292524 0.000000 -0.956258 0.262443 0.262443 0.262443
4931.273438 0.000000 1945.302002 0.000000 0.187014 0.000000 -0.982357 0.265879 0.265879 0.265879
4929.273926 0.000000 1947.988525 0.000000 0.367350 0.000000 -0.930083 0.262936 0.262936 0.262936
4929.633789 0.000000 1946.199341 0.000000 0.147643 0.000000 -0.989041 0.265405 0.265405 0.265405
4930.951172 0.000000 1942.569580 0.000000 0.106176 0.000000 -0.994347 0.266406 0.266406 0.266406
4937.029297 0.000000 1941.071045 0.000000 0.908059 0.000000 -0.418842 0.255543 0.255543 0.255543
4941.813477 0.000000 1945.509766 0.000000 0.994712 0.000000 -0.102704 0.251249 0.251249 0.251249
4934.992676 0.000000 1940.535767 0.000000 0.188746 0.000000 -0.982026 0.266893 0.266893 0.266893
4930.538086 0.000000 1944.286743 0.000000 0.802786 0.000000 -0.596267 0.257337 0.257337 0.257337
4935.842285 0.000000 1941.333496 0.000000 0.933660 0.000000 -0.358160 0.254481 0.254481 0.254481
4934.690918 0.000000 1943.860352 0.000000 0.996902 0.000000 -0.078655 0.251172 0.251172 0.251172
4929.188965 0.000000 1942.571533 0.000000 0.447201 0.000000 -0.894434 0.264477 0.264477 0.264477
4937.310547 0.000000 1942.000488 0.000000 0.974960 0.000000 -0.222382 0.253415 0.253415 0.253415
4937.565430 0.000000 1943.760132 0.000000 0.674354 0.000000 -0.738408 0.262651 0.262651 0.262651
4660.032715 0.000000 2258.654053 0.000000 0.999507 0.000000 -0.031389 0.250338 0.250338 0.250338
4658.757324 0.000000 2260.723145 0.000000 0.475435 0.000000 -0.879751 0.261443 0.261443 0.261443
4661.412598 0.000000 2262.170898 0.000000 0.018455 0.000000 -0.999830 0.266519 0.266519 0.266519
5950.127441 0.000000 2898.143066 0.000000 0.409717 0.000000 -0.912212 0.259571 0.259571 0.259571
6332.880859 0.000000 2452.057861 0.000000 0.660605 0.000000 -0.750734 0.257420 0.257420 0.257420
6334.998535 0.000000 2452.809814 0.000000 0.081774 0.000000 -0.996651 0.264032 0.264032 0.264032
6360.357910 0.000000 2437.339111 0.000000 0.760497 0.000000 -0.649342 0.256065 0.256065 0.256065
6358.343750 0.000000 2446.220459 0.000000 0.202493 0.000000 -0.979284 0.262072 0.262072 0.262072
6379.550781 0.000000 2435.627930 0.000000 0.891017 0.000000 -0.453970 0.254162 0.254162 0.254162
6356.109863 0.000000 2440.517822 0.000000 0.045137 0.000000 -0.998981 0.263188 0.263188 0.263188
6362.002441 0.000000 2442.863525 0.000000 0.539598 0.000000 -0.841923 0.259307 0.259307 0.259307
6376.628906 0.000000 2434.968506 0.000000 0.128383 0.000000 -0.991725 0.263186 0.263186 0.263186
6346.112305 0.000000 2446.981934 0.000000 0.259563 0.000000 -0.965726 0.261962 0.261962 0.261962
6375.451172 0.000000 2443.823730 0.000000 0.761258 0.000000 -0.648449 0.256495 0.256495 0.256495
6365.291992 0.000000 2440.119141 0.000000 0.987165 0.000000 -0.159702 0.251577 0.251577 0.251577
6379.536621 0.000000 2442.391113 0.000000 0.337830 0.000000 -0.941207 0.261250 0.261250 0.261250
6374.302734 0.000000 2441.894775 0.000000 0.484117 0.000000 -0.875003 0.259808 0.259808 0.259808
6338.422852 0.000000 2457.227783 0.000000 0.090337 0.000000 -0.995911 0.263628 0.263628 0.263628
6350.853027 0.000000 2445.729980 0.000000 0.652500 0.000000 -0.757789 0.258399 0.258399 0.258399
6363.430664 0.000000 2440.855713 0.000000 0.233479 0.000000 -0.972362 0.262708 0.262708 0.262708
6367.909668 0.000000 2443.795654 0.000000 0.831479 0.000000 -0.555556 0.255790 0.255790 0.255790
6371.248535 0.000000 2443.189453 0.000000 0.898157 0.000000 -0.439674 0.254418 0.254418 0.254418
6365.993164 0.000000 2443.625977 0.000000 0.997412 0.000000 -0.071892 0.250692 0.250692 0.250692
6366.270508 0.000000 2438.104980 0.000000 0.748160 0.000000 -0.663518 0.257517 0.257517 0.257517
6368.870605 0.000000 2436.073730 0.000000 0.617956 0.000000 -0.786212 0.258893 0.258893 0.258893
6371.859863 0.000000 2434.510498 0.000000 0.922686 0.000000 -0.385553 0.253767 0.253767 0.253767
6348.623047 0.000000 2452.459717 0.000000 0.858144 0.000000 -0.513410 0.255418 0.255418 0.255418
6370.940430 0.000000 2438.914551 0.000000 0.758934 0.000000 -0.651167 0.256971 0.256971 0.256971
"}
