object={
	name="bush_dry_02_generator_1_0"
	clamp_to_water_level=no
	render_under_water=no
	generated_content=yes
	layer="semidynamic_medium"
	pdxmesh="tree_bush_05_mesh"
	count=74
	transform="4682.587402 0.000000 804.061584 0.000000 0.907572 0.000000 0.419896 0.243360 0.243360 0.243360
4681.291016 0.000000 807.574524 0.000000 0.069236 0.000000 0.997600 0.227743 0.227743 0.227743
4927.419434 0.000000 1942.340820 0.000000 0.327904 0.000000 0.944711 0.232749 0.232749 0.232749
4878.716309 0.000000 1930.202393 0.000000 0.645426 0.000000 0.763822 0.239882 0.239882 0.239882
4923.669434 0.000000 1940.173584 0.000000 0.500957 0.000000 0.865472 0.238378 0.238378 0.238378
4918.075195 0.000000 1942.013794 0.000000 0.029524 0.000000 0.999564 0.227394 0.227394 0.227394
4926.998535 0.000000 1944.450317 0.000000 0.581850 0.000000 0.813296 0.236751 0.236751 0.236751
4921.789062 0.000000 1939.830566 0.000000 0.712478 0.000000 0.701694 0.241626 0.241626 0.241626
4896.410645 0.000000 1937.838257 0.000000 0.957908 0.000000 0.287075 0.246929 0.246929 0.246929
4902.039062 0.000000 1938.570435 0.000000 0.952651 0.000000 0.304065 0.246028 0.246028 0.246028
4879.876465 0.000000 1928.916992 0.000000 0.775559 0.000000 0.631274 0.241152 0.241152 0.241152
4879.744141 0.000000 1931.429077 0.000000 0.076488 0.000000 0.997070 0.232607 0.232607 0.232607
4926.222168 0.000000 1943.180420 0.000000 0.565463 0.000000 0.824774 0.236472 0.236472 0.236472
4919.306152 0.000000 1942.292358 0.000000 0.978959 0.000000 0.204058 0.246986 0.246986 0.246986
4935.674805 0.000000 1944.414795 0.000000 0.951594 0.000000 0.307358 0.245720 0.245720 0.245720
4942.146973 0.000000 1942.322266 0.000000 0.046489 0.000000 0.998919 0.237157 0.237157 0.237157
4932.861816 0.000000 1948.423340 0.000000 0.287650 0.000000 0.957736 0.234473 0.234473 0.234473
4931.605469 0.000000 1943.745361 0.000000 0.793226 0.000000 0.608927 0.242665 0.242665 0.242665
4938.276367 0.000000 1941.076172 0.000000 0.310980 0.000000 0.950416 0.234574 0.234574 0.234574
4933.963867 0.000000 1941.167725 0.000000 0.725756 0.000000 0.687952 0.241808 0.241808 0.241808
4928.205078 0.000000 1942.887451 0.000000 0.507958 0.000000 0.861382 0.236428 0.236428 0.236428
4938.422852 0.000000 1944.216309 0.000000 0.788160 0.000000 0.615471 0.241103 0.241103 0.241103
4933.178223 0.000000 1945.838745 0.000000 0.649034 0.000000 0.760759 0.238804 0.238804 0.238804
4935.324707 0.000000 1947.078735 0.000000 0.431224 0.000000 0.902245 0.239222 0.239222 0.239222
4929.439453 0.000000 1944.848145 0.000000 0.936617 0.000000 0.350356 0.245007 0.245007 0.245007
4936.162109 0.000000 1940.189575 0.000000 0.315110 0.000000 0.949055 0.233965 0.233965 0.233965
4937.306152 0.000000 1946.143311 0.000000 0.886685 0.000000 0.462373 0.244975 0.244975 0.244975
4936.383301 0.000000 1942.332520 0.000000 0.721848 0.000000 0.692051 0.238360 0.238360 0.238360
4939.945801 0.000000 1942.537231 0.000000 0.030435 0.000000 0.999537 0.229042 0.229042 0.229042
4933.852539 0.000000 1943.314331 0.000000 0.485993 0.000000 0.873963 0.235864 0.235864 0.235864
4941.989746 0.000000 1947.383179 0.000000 0.771303 0.000000 0.636469 0.241776 0.241776 0.241776
4940.623047 0.000000 1944.100342 0.000000 0.998774 0.000000 0.049507 0.249399 0.249399 0.249399
4929.897461 0.000000 1943.260254 0.000000 0.803917 0.000000 0.594742 0.241672 0.241672 0.241672
4937.808594 0.000000 1942.827026 0.000000 0.181461 0.000000 0.983398 0.228857 0.228857 0.228857
4934.676758 0.000000 1945.718872 0.000000 0.102934 0.000000 0.994688 0.229893 0.229893 0.229893
4937.120117 0.000000 1944.743652 0.000000 0.122737 0.000000 0.992439 0.230663 0.230663 0.230663
4932.866211 0.000000 1944.427246 0.000000 0.681455 0.000000 0.731860 0.239367 0.239367 0.239367
4935.009277 0.000000 1942.108643 0.000000 0.999296 0.000000 0.037529 0.249441 0.249441 0.249441
4932.648926 0.000000 1942.578735 0.000000 0.514516 0.000000 0.857481 0.236302 0.236302 0.236302
4938.621582 0.000000 1947.684937 0.000000 0.147251 0.000000 0.989099 0.231393 0.231393 0.231393
4936.040039 0.000000 1945.712646 0.000000 0.084847 0.000000 0.996394 0.230154 0.230154 0.230154
4662.803711 0.000000 2261.441162 0.000000 0.103696 0.000000 0.994609 0.234344 0.234344 0.234344
4660.340820 0.000000 2259.711182 0.000000 0.885118 0.000000 0.465367 0.244789 0.244789 0.244789
4660.116699 0.000000 2261.705811 0.000000 0.790589 0.000000 0.612347 0.241177 0.241177 0.241177
4661.482910 0.000000 2260.697266 0.000000 0.270811 0.000000 0.962632 0.232642 0.232642 0.232642
6330.133789 0.000000 2456.292480 0.000000 0.079506 0.000000 0.996834 0.237528 0.237528 0.237528
6330.165039 0.000000 2451.378906 0.000000 0.463546 0.000000 0.886073 0.240656 0.240656 0.240656
6343.674805 0.000000 2452.774170 0.000000 0.990954 0.000000 0.134203 0.248677 0.248677 0.248677
6355.921875 0.000000 2453.153564 0.000000 0.852776 0.000000 0.522277 0.245404 0.245404 0.245404
6367.430176 0.000000 2439.600098 0.000000 0.874539 0.000000 0.484956 0.244754 0.244754 0.244754
6349.467773 0.000000 2444.383301 0.000000 0.399135 0.000000 0.916892 0.239391 0.239391 0.239391
6374.270996 0.000000 2430.235107 0.000000 0.822245 0.000000 0.569133 0.244974 0.244974 0.244974
6338.164551 0.000000 2448.199707 0.000000 0.943913 0.000000 0.330194 0.247060 0.247060 0.247060
6362.616699 0.000000 2435.037598 0.000000 0.163976 0.000000 0.986464 0.238416 0.238416 0.238416
6355.298340 0.000000 2446.775391 0.000000 0.515825 0.000000 0.856694 0.239886 0.239886 0.239886
6381.791016 0.000000 2442.166260 0.000000 0.745938 0.000000 0.666015 0.243518 0.243518 0.243518
6370.074219 0.000000 2434.347900 0.000000 0.939436 0.000000 0.342726 0.246670 0.246670 0.246670
6372.590332 0.000000 2438.834717 0.000000 0.618783 0.000000 0.785562 0.241258 0.241258 0.241258
6358.596680 0.000000 2449.359375 0.000000 0.540123 0.000000 0.841586 0.241167 0.241167 0.241167
6380.817383 0.000000 2438.354004 0.000000 0.999433 0.000000 0.033676 0.249698 0.249698 0.249698
6364.683105 0.000000 2442.261963 0.000000 0.979357 0.000000 0.202139 0.248044 0.248044 0.248044
6336.205078 0.000000 2451.246826 0.000000 0.044062 0.000000 0.999029 0.235469 0.235469 0.235469
6367.085938 0.000000 2436.457031 0.000000 0.288016 0.000000 0.957626 0.237072 0.237072 0.237072
6348.424805 0.000000 2447.247803 0.000000 0.813423 0.000000 0.581672 0.244285 0.244285 0.244285
6369.860352 0.000000 2437.569336 0.000000 0.793196 0.000000 0.608966 0.243564 0.243564 0.243564
6352.764160 0.000000 2444.780029 0.000000 0.398672 0.000000 0.917094 0.238590 0.238590 0.238590
6378.549316 0.000000 2439.939453 0.000000 0.849140 0.000000 0.528168 0.244877 0.244877 0.244877
6371.895020 0.000000 2441.341797 0.000000 0.784796 0.000000 0.619754 0.243429 0.243429 0.243429
6372.193359 0.000000 2436.287109 0.000000 0.692628 0.000000 0.721295 0.242332 0.242332 0.242332
6355.875488 0.000000 2444.276855 0.000000 0.690141 0.000000 0.723675 0.242046 0.242046 0.242046
6343.324707 0.000000 2455.438232 0.000000 0.970748 0.000000 0.240099 0.247616 0.247616 0.247616
6345.306152 0.000000 2454.502686 0.000000 0.362036 0.000000 0.932164 0.238200 0.238200 0.238200
6344.383301 0.000000 2450.691895 0.000000 0.335305 0.000000 0.942110 0.237383 0.237383 0.237383
6347.945801 0.000000 2450.896729 0.000000 0.428897 0.000000 0.903353 0.238318 0.238318 0.238318
"}
object={
	name="bush_dry_02_generator_1_1"
	clamp_to_water_level=no
	render_under_water=no
	generated_content=yes
	layer="semidynamic_medium"
	pdxmesh="tree_bush_06_mesh"
	count=64
	transform="4678.798828 0.000000 805.048218 0.000000 0.429964 0.000000 -0.902846 0.263533 0.263533 0.263533
4681.939941 0.000000 806.069702 0.000000 0.562411 0.000000 -0.826858 0.264430 0.264430 0.264430
4683.631836 0.000000 807.297546 0.000000 0.614125 0.000000 -0.789209 0.259963 0.259963 0.259963
4680.084473 0.000000 806.416199 0.000000 0.980749 0.000000 -0.195272 0.252913 0.252913 0.252913
4680.607910 0.000000 804.616699 0.000000 0.894421 0.000000 -0.447226 0.256352 0.256352 0.256352
4683.861328 0.000000 805.450806 0.000000 0.630549 0.000000 -0.776149 0.263615 0.263615 0.263615
4680.764648 0.000000 809.246826 0.000000 0.332669 0.000000 -0.943044 0.265490 0.265490 0.265490
4682.729004 0.000000 805.201111 0.000000 0.578378 0.000000 -0.815769 0.264619 0.264619 0.264619
4683.736328 0.000000 804.324158 0.000000 0.602463 0.000000 -0.798147 0.264161 0.264161 0.264161
4894.773926 0.000000 1936.940430 0.000000 0.635652 0.000000 -0.771976 0.258009 0.258009 0.258009
4922.165039 0.000000 1943.019409 0.000000 0.562394 0.000000 -0.826869 0.262699 0.262699 0.262699
4926.018555 0.000000 1946.363892 0.000000 0.867341 0.000000 -0.497715 0.255398 0.255398 0.255398
4881.653320 0.000000 1928.938110 0.000000 0.219338 0.000000 -0.975649 0.262088 0.262088 0.262088
4924.880859 0.000000 1943.698486 0.000000 0.429116 0.000000 -0.903250 0.263861 0.263861 0.263861
4879.212891 0.000000 1932.922119 0.000000 0.034380 0.000000 -0.999409 0.264768 0.264768 0.264768
4920.270996 0.000000 1940.978516 0.000000 0.825588 0.000000 -0.564273 0.255688 0.255688 0.255688
4919.542480 0.000000 1943.598511 0.000000 0.967153 0.000000 -0.254194 0.253770 0.253770 0.253770
4923.279297 0.000000 1945.670288 0.000000 0.046235 0.000000 -0.998931 0.264796 0.264796 0.264796
4881.307129 0.000000 1931.414673 0.000000 0.540519 0.000000 -0.841332 0.260514 0.260514 0.260514
4923.648926 0.000000 1941.981445 0.000000 0.176868 0.000000 -0.984235 0.265476 0.265476 0.265476
4922.962891 0.000000 1938.607422 0.000000 0.480001 0.000000 -0.877268 0.263091 0.263091 0.263091
4903.006836 0.000000 1939.872559 0.000000 0.277785 0.000000 -0.960643 0.266577 0.266577 0.266577
4878.208008 0.000000 1931.717285 0.000000 0.464770 0.000000 -0.885432 0.262658 0.262658 0.262658
4920.549805 0.000000 1942.444580 0.000000 0.936496 0.000000 -0.350679 0.255345 0.255345 0.255345
4878.587891 0.000000 1928.237549 0.000000 0.814747 0.000000 -0.579817 0.258010 0.258010 0.258010
4928.315430 0.000000 1946.894287 0.000000 0.962834 0.000000 -0.270092 0.252962 0.252962 0.252962
4940.652344 0.000000 1945.895630 0.000000 0.787483 0.000000 -0.616336 0.258062 0.258062 0.258062
4935.173340 0.000000 1949.675415 0.000000 0.277039 0.000000 -0.960859 0.262843 0.262843 0.262843
4939.004883 0.000000 1946.288696 0.000000 0.899069 0.000000 -0.437807 0.255925 0.255925 0.255925
4933.528809 0.000000 1949.806885 0.000000 0.275674 0.000000 -0.961251 0.265678 0.265678 0.265678
4928.011719 0.000000 1945.321899 0.000000 0.735527 0.000000 -0.677496 0.260383 0.260383 0.260383
4939.571777 0.000000 1945.007812 0.000000 0.840214 0.000000 -0.542254 0.257691 0.257691 0.257691
4936.640625 0.000000 1943.568481 0.000000 0.356702 0.000000 -0.934218 0.268367 0.268367 0.268367
4935.500000 0.000000 1943.190796 0.000000 0.623053 0.000000 -0.782179 0.263370 0.263370 0.263370
4658.569336 0.000000 2258.864502 0.000000 0.515850 0.000000 -0.856679 0.259182 0.259182 0.259182
4658.317383 0.000000 2262.566162 0.000000 0.962912 0.000000 -0.269815 0.252643 0.252643 0.252643
4660.969238 0.000000 2263.732910 0.000000 0.051569 0.000000 -0.998669 0.266167 0.266167 0.266167
6335.419434 0.000000 2450.700195 0.000000 0.616743 0.000000 -0.787165 0.258371 0.258371 0.258371
6334.018555 0.000000 2454.723145 0.000000 0.653691 0.000000 -0.756762 0.258089 0.258089 0.258089
6377.206543 0.000000 2437.371826 0.000000 0.890531 0.000000 -0.454922 0.254348 0.254348 0.254348
6378.581543 0.000000 2447.633057 0.000000 0.819015 0.000000 -0.573773 0.255225 0.255225 0.255225
6361.268555 0.000000 2445.237305 0.000000 0.925693 0.000000 -0.378275 0.253390 0.253390 0.253390
6373.084961 0.000000 2443.625732 0.000000 0.719351 0.000000 -0.694647 0.257165 0.257165 0.257165
6366.773926 0.000000 2445.299805 0.000000 0.561349 0.000000 -0.827579 0.258883 0.258883 0.258883
6361.550293 0.000000 2440.429443 0.000000 0.743111 0.000000 -0.669168 0.256749 0.256749 0.256749
6340.861816 0.000000 2456.782715 0.000000 0.548910 0.000000 -0.835881 0.259328 0.259328 0.259328
6353.893555 0.000000 2442.142822 0.000000 0.579060 0.000000 -0.815285 0.259103 0.259103 0.259103
6377.396484 0.000000 2442.586914 0.000000 0.230889 0.000000 -0.972980 0.262316 0.262316 0.262316
6358.003418 0.000000 2442.530518 0.000000 0.166994 0.000000 -0.985958 0.262259 0.262259 0.262259
6374.192871 0.000000 2434.534912 0.000000 0.371553 0.000000 -0.928412 0.260956 0.260956 0.260956
6339.605469 0.000000 2452.104736 0.000000 0.999069 0.000000 -0.043134 0.250415 0.250415 0.250415
6348.652344 0.000000 2454.254883 0.000000 0.851596 0.000000 -0.524199 0.255338 0.255338 0.255338
6369.456543 0.000000 2442.752930 0.000000 0.817706 0.000000 -0.575635 0.256049 0.256049 0.256049
6352.310547 0.000000 2453.622803 0.000000 0.877875 0.000000 -0.478890 0.254535 0.254535 0.254535
6351.712891 0.000000 2447.442383 0.000000 0.190495 0.000000 -0.981688 0.263471 0.263471 0.263471
6341.963867 0.000000 2449.527100 0.000000 0.335519 0.000000 -0.942034 0.261043 0.261043 0.261043
6353.983398 0.000000 2450.196289 0.000000 0.628559 0.000000 -0.777762 0.258454 0.258454 0.258454
6364.263672 0.000000 2438.124268 0.000000 0.249287 0.000000 -0.968430 0.262965 0.262965 0.262965
6375.443848 0.000000 2440.117432 0.000000 0.143163 0.000000 -0.989699 0.263138 0.263138 0.263138
6346.422852 0.000000 2452.575684 0.000000 0.435155 0.000000 -0.900355 0.261575 0.261575 0.261575
6341.178223 0.000000 2454.198242 0.000000 0.310487 0.000000 -0.950577 0.262338 0.262338 0.262338
6338.873047 0.000000 2455.118408 0.000000 0.916540 0.000000 -0.399942 0.253942 0.253942 0.253942
6337.439453 0.000000 2453.207520 0.000000 0.526392 0.000000 -0.850242 0.259992 0.259992 0.259992
6344.162109 0.000000 2448.548828 0.000000 0.956186 0.000000 -0.292760 0.252948 0.252948 0.252948
"}
