object={
	name="latin_dynamic_forestry_objects_generator_1_0"
	clamp_to_water_level=no
	render_under_water=no
	generated_content=yes
	layer="forestry_dynamic"
	pdxmesh="latin_forestry_scatter_01_mesh"
	count=30
	transform="2762.048096 0.000000 1514.094116 0.000000 0.999675 0.000000 0.025503 0.000000 0.000000 0.000000
1724.270508 0.000000 1968.802612 0.000000 0.880946 0.000000 0.473216 1.000000 1.000000 1.000000
1728.290283 0.000000 1954.833862 0.000000 0.386599 0.000000 0.922248 1.000000 1.000000 1.000000
1735.693237 0.000000 1952.301270 0.000000 0.851818 0.000000 0.523838 0.000000 0.000000 0.000000
1994.048218 0.000000 1853.000366 0.000000 0.907166 0.000000 0.420772 0.000000 0.000000 0.000000
1792.354126 0.000000 1968.436646 0.000000 0.964450 0.000000 0.264265 0.000000 0.000000 0.000000
1844.600708 0.000000 1943.682617 0.000000 0.757564 0.000000 0.652761 0.000000 0.000000 0.000000
1846.803467 0.000000 1922.534912 0.000000 0.902375 0.000000 0.430953 0.000000 0.000000 0.000000
1837.255371 0.000000 1975.344238 0.000000 0.942827 0.000000 0.333282 0.000000 0.000000 0.000000
1844.885132 0.000000 1972.219849 0.000000 0.853127 0.000000 0.521703 0.000000 0.000000 0.000000
1839.844604 0.000000 1927.579224 0.000000 0.932021 0.000000 0.362404 0.000000 0.000000 0.000000
1897.206665 0.000000 1929.012451 0.000000 0.839505 0.000000 0.543351 0.000000 0.000000 0.000000
1823.430420 0.000000 1987.725098 0.000000 0.240935 0.000000 0.970541 0.000000 0.000000 0.000000
2036.600708 0.000000 1943.682617 0.000000 0.591087 0.000000 0.806608 1.000000 1.000000 1.000000
2045.734009 0.000000 1954.678955 0.000000 0.241240 0.000000 0.970465 1.000000 1.000000 1.000000
1650.281372 0.000000 2132.990967 0.000000 0.798037 0.000000 0.602608 0.000000 0.000000 0.000000
1641.423462 0.000000 2122.343994 0.000000 0.820238 0.000000 0.572022 0.000000 0.000000 0.000000
1789.042114 0.000000 2089.095703 0.000000 0.732897 0.000000 0.680339 0.000000 0.000000 0.000000
1667.589233 0.000000 2102.304199 0.000000 0.296444 0.000000 0.955050 0.000000 0.000000 0.000000
1574.270874 0.000000 2204.297607 0.000000 0.334965 0.000000 0.942231 1.000000 1.000000 1.000000
1780.600708 0.000000 2169.620117 0.000000 0.902970 0.000000 0.429704 0.000000 0.000000 0.000000
1782.803467 0.000000 2148.472412 0.000000 0.051313 0.000000 0.998683 0.000000 0.000000 0.000000
1827.530884 0.000000 2084.026123 0.000000 0.062520 0.000000 0.998044 0.000000 0.000000 0.000000
1831.866577 0.000000 2075.141113 0.000000 0.153056 0.000000 0.988218 1.000000 1.000000 1.000000
1801.453857 0.000000 2152.725586 0.000000 0.975123 0.000000 0.221665 0.000000 0.000000 0.000000
2069.034912 0.000000 1961.185913 0.000000 0.124240 0.000000 0.992252 1.000000 1.000000 1.000000
2048.315430 0.000000 1946.894287 0.000000 0.999920 0.000000 0.012631 1.000000 1.000000 1.000000
2061.066650 0.000000 1973.684937 0.000000 0.302130 0.000000 0.953267 1.000000 1.000000 1.000000
2064.020752 0.000000 1964.697021 0.000000 0.762550 0.000000 0.646929 1.000000 1.000000 1.000000
2051.834473 0.000000 1976.955688 0.000000 0.923402 0.000000 0.383835 0.000000 0.000000 0.000000
"}
object={
	name="latin_dynamic_forestry_objects_generator_1_1"
	clamp_to_water_level=no
	render_under_water=no
	generated_content=yes
	layer="forestry_dynamic"
	pdxmesh="latin_forestry_scatter_02_mesh"
	count=25
	transform="1756.282104 0.000000 1957.364746 0.000000 0.999689 0.000000 -0.024935 0.000000 0.000000 0.000000
1780.600708 0.000000 1943.682617 0.000000 0.357143 0.000000 -0.934050 0.000000 0.000000 0.000000
1843.915527 0.000000 1932.510010 0.000000 0.021490 0.000000 -0.999769 1.000000 1.000000 1.000000
1799.693237 0.000000 1952.301270 0.000000 0.999994 0.000000 -0.003375 0.000000 0.000000 0.000000
1888.264404 0.000000 1942.337280 0.000000 0.671890 0.000000 -0.740651 0.000000 0.000000 0.000000
1865.453857 0.000000 1983.272461 0.000000 0.691137 0.000000 -0.722724 0.000000 0.000000 0.000000
2034.281372 0.000000 1963.537964 0.000000 0.686289 0.000000 -0.727329 0.000000 0.000000 0.000000
2042.134033 0.000000 1947.933228 0.000000 0.015894 0.000000 -0.999874 0.000000 0.000000 0.000000
2033.916626 0.000000 1938.258789 0.000000 0.162590 0.000000 -0.986694 1.000000 1.000000 1.000000
1652.600708 0.000000 2113.135742 0.000000 0.087367 0.000000 -0.996176 0.000000 0.000000 0.000000
1618.736938 0.000000 2140.042969 0.000000 0.364235 0.000000 -0.931307 0.000000 0.000000 0.000000
1692.282104 0.000000 2070.333496 0.000000 0.396623 0.000000 -0.917982 0.000000 0.000000 0.000000
1641.206665 0.000000 2154.949951 0.000000 0.999913 0.000000 -0.013173 0.000000 0.000000 0.000000
1789.524414 0.000000 2151.919678 0.000000 0.438544 0.000000 -0.898710 1.000000 1.000000 1.000000
1807.347534 0.000000 2146.690430 0.000000 0.270824 0.000000 -0.962629 1.000000 1.000000 1.000000
2128.020752 0.000000 1851.728271 0.000000 0.490196 0.000000 -0.871612 0.000000 0.000000 0.000000
2048.354004 0.000000 1968.436646 0.000000 0.787630 0.000000 -0.616149 0.000000 0.000000 0.000000
2055.674561 0.000000 1944.414795 0.000000 0.270291 0.000000 -0.962779 0.000000 0.000000 0.000000
2048.290283 0.000000 1954.833862 0.000000 0.066418 0.000000 -0.997792 1.000000 1.000000 1.000000
2067.921631 0.000000 1944.794189 0.000000 0.593630 0.000000 -0.804738 1.000000 1.000000 1.000000
2058.048096 0.000000 1965.969116 0.000000 0.719720 0.000000 -0.694265 1.000000 1.000000 1.000000
2055.693115 0.000000 1952.301270 0.000000 0.915800 0.000000 -0.401635 0.000000 0.000000 0.000000
2051.716309 0.000000 1961.574951 0.000000 0.445654 0.000000 -0.895205 1.000000 1.000000 1.000000
2063.347656 0.000000 1977.237183 0.000000 0.995833 0.000000 -0.091193 0.000000 0.000000 0.000000
2349.255371 0.000000 1975.344238 0.000000 0.112150 0.000000 -0.993691 0.000000 0.000000 0.000000
"}
