object={
	name="revolution_mapobject_generator_trade_unions_0"
	clamp_to_water_level=no
	render_under_water=no
	generated_content=yes
	layer="revolution_dynamic_trade_unions"
	pdxmesh="revolution_barricade_small_trade_unions_mesh"
	count=31
	transform="139.936905 0.000000 1218.941284 0.000000 0.563389 0.000000 0.826192 1.000000 1.000000 1.000000
2340.590088 0.000000 1648.053589 0.000000 0.789298 0.000000 0.614011 1.000000 1.000000 1.000000
2356.612793 0.000000 1653.758911 0.000000 0.830998 0.000000 0.556276 1.000000 1.000000 1.000000
500.449860 0.000000 2009.713623 0.000000 0.070574 0.000000 0.997507 1.000000 1.000000 1.000000
531.298523 0.000000 1994.900269 0.000000 0.459477 0.000000 0.888190 1.000000 1.000000 1.000000
2149.443359 0.000000 1827.302002 0.000000 0.725528 0.000000 0.688192 1.000000 1.000000 1.000000
4894.773926 0.000000 1089.674805 0.000000 0.068837 0.000000 0.997628 1.000000 1.000000 1.000000
5113.915527 0.000000 1083.917847 0.000000 0.931068 0.000000 0.364845 1.000000 1.000000 1.000000
4410.133789 0.000000 1383.089478 0.000000 0.302236 0.000000 0.953233 1.000000 1.000000 1.000000
5170.317383 0.000000 963.425537 0.000000 0.064198 0.000000 0.997937 1.000000 1.000000 1.000000
5178.875000 0.000000 1073.357666 0.000000 0.901688 0.000000 0.432386 1.000000 1.000000 1.000000
5146.844238 0.000000 1074.920654 0.000000 0.462966 0.000000 0.886376 1.000000 1.000000 1.000000
7640.357910 0.000000 1364.135986 0.000000 0.065731 0.000000 0.997837 1.000000 1.000000 1.000000
4805.002930 0.000000 2182.534180 0.000000 0.941970 0.000000 0.335696 1.000000 1.000000 1.000000
6374.270996 0.000000 2147.813232 0.000000 0.619167 0.000000 0.785260 1.000000 1.000000 1.000000
6457.614258 0.000000 2142.302979 0.000000 0.423808 0.000000 0.905752 1.000000 1.000000 1.000000
6538.048340 0.000000 2135.422119 0.000000 0.263876 0.000000 0.964557 1.000000 1.000000 1.000000
6528.315430 0.000000 2116.347412 0.000000 0.899681 0.000000 0.436547 1.000000 1.000000 1.000000
6532.219238 0.000000 2122.555908 0.000000 0.527126 0.000000 0.849787 1.000000 1.000000 1.000000
6650.308594 0.000000 2134.521484 0.000000 0.724351 0.000000 0.689431 1.000000 1.000000 1.000000
6482.974121 0.000000 2147.809082 0.000000 0.332040 0.000000 0.943265 1.000000 1.000000 1.000000
6663.693359 0.000000 2121.754395 0.000000 0.194400 0.000000 0.980922 1.000000 1.000000 1.000000
6717.449707 0.000000 2155.892334 0.000000 0.099458 0.000000 0.995042 1.000000 1.000000 1.000000
6821.084961 0.000000 2161.203857 0.000000 0.378050 0.000000 0.925785 1.000000 1.000000 1.000000
6848.522461 0.000000 2162.108398 0.000000 0.288919 0.000000 0.957354 1.000000 1.000000 1.000000
7220.885254 0.000000 2367.610596 0.000000 0.131714 0.000000 0.991288 1.000000 1.000000 1.000000
7209.396484 0.000000 2329.618164 0.000000 0.917721 0.000000 0.397225 1.000000 1.000000 1.000000
7173.963867 0.000000 2336.558350 0.000000 0.538593 0.000000 0.842566 1.000000 1.000000 1.000000
7203.650879 0.000000 2338.801758 0.000000 0.518129 0.000000 0.855302 1.000000 1.000000 1.000000
7258.661621 0.000000 2337.297119 0.000000 0.790671 0.000000 0.612241 1.000000 1.000000 1.000000
7278.444824 0.000000 2367.221680 0.000000 0.769368 0.000000 0.638806 1.000000 1.000000 1.000000
"}
object={
	name="revolution_mapobject_generator_trade_unions_1"
	clamp_to_water_level=no
	render_under_water=no
	generated_content=yes
	layer="revolution_dynamic_trade_unions"
	pdxmesh="revolution_barricade_mid_trade_unions_mesh"
	count=23
	transform="135.693207 0.000000 1218.004395 0.000000 0.911558 0.000000 -0.411172 1.000000 1.000000 1.000000
159.949722 0.000000 1220.427856 0.000000 0.977650 0.000000 0.210239 1.000000 1.000000 1.000000
180.612823 0.000000 1201.883911 0.000000 0.840246 0.000000 -0.542205 1.000000 1.000000 1.000000
187.669342 0.000000 1205.876709 0.000000 0.988870 0.000000 0.148784 1.000000 1.000000 1.000000
2176.226318 0.000000 1802.332642 0.000000 0.920791 0.000000 -0.390057 1.000000 1.000000 1.000000
2402.074463 0.000000 1643.566650 0.000000 0.988663 0.000000 0.150154 1.000000 1.000000 1.000000
2464.909180 0.000000 1793.258911 0.000000 0.971133 0.000000 0.238537 1.000000 1.000000 1.000000
2463.949707 0.000000 1785.271606 0.000000 0.995638 0.000000 0.093301 1.000000 1.000000 1.000000
2094.165527 0.000000 1825.042236 0.000000 0.858159 0.000000 -0.513384 1.000000 1.000000 1.000000
4749.066406 0.000000 1691.263062 0.000000 0.943837 0.000000 -0.330411 1.000000 1.000000 1.000000
6335.097656 0.000000 2129.311035 0.000000 0.941364 0.000000 -0.337392 1.000000 1.000000 1.000000
6509.060059 0.000000 2132.313721 0.000000 0.884790 0.000000 -0.465991 1.000000 1.000000 1.000000
6511.152344 0.000000 2135.392578 0.000000 0.914710 0.000000 -0.404110 1.000000 1.000000 1.000000
6584.579102 0.000000 2139.084229 0.000000 0.954405 0.000000 0.298514 1.000000 1.000000 1.000000
6477.467773 0.000000 2161.961426 0.000000 0.959302 0.000000 -0.282382 1.000000 1.000000 1.000000
6537.095215 0.000000 2158.393555 0.000000 0.980468 0.000000 -0.196680 1.000000 1.000000 1.000000
6579.006836 0.000000 2154.851318 0.000000 0.959389 0.000000 0.282086 1.000000 1.000000 1.000000
6641.098145 0.000000 2160.782227 0.000000 0.934863 0.000000 -0.355009 1.000000 1.000000 1.000000
6746.548828 0.000000 2131.234863 0.000000 0.999075 0.000000 -0.042996 1.000000 1.000000 1.000000
6738.409180 0.000000 2118.331299 0.000000 0.972025 0.000000 -0.234878 1.000000 1.000000 1.000000
7175.693359 0.000000 2347.691895 0.000000 0.940278 0.000000 -0.340408 1.000000 1.000000 1.000000
7261.234863 0.000000 2339.568115 0.000000 0.999972 0.000000 0.007426 1.000000 1.000000 1.000000
7231.291016 0.000000 2372.748779 0.000000 0.883647 0.000000 -0.468154 1.000000 1.000000 1.000000
"}
object={
	name="revolution_mapobject_generator_trade_unions_2"
	clamp_to_water_level=no
	render_under_water=no
	generated_content=yes
	layer="revolution_dynamic_trade_unions"
	pdxmesh="revolution_barricade_large_trade_unions_mesh"
	count=21
	transform="151.538177 0.000000 1222.458740 0.000000 0.310719 0.000000 -0.950502 1.000000 1.000000 1.000000
2459.974365 0.000000 1782.745117 0.000000 0.033188 0.000000 -0.999449 1.000000 1.000000 1.000000
2077.234619 0.000000 1831.208740 0.000000 0.109271 0.000000 -0.994012 1.000000 1.000000 1.000000
2087.553711 0.000000 1824.702271 0.000000 0.445154 0.000000 -0.895454 1.000000 1.000000 1.000000
4886.596680 0.000000 1093.734253 0.000000 0.467774 0.000000 -0.883848 1.000000 1.000000 1.000000
4758.797363 0.000000 1695.505859 0.000000 0.366932 0.000000 -0.930248 1.000000 1.000000 1.000000
6454.872070 0.000000 2136.256348 0.000000 0.494206 0.000000 -0.869345 1.000000 1.000000 1.000000
6448.887695 0.000000 2114.797363 0.000000 0.109061 0.000000 -0.994035 1.000000 1.000000 1.000000
6482.853027 0.000000 2126.529297 0.000000 0.216344 0.000000 -0.976317 1.000000 1.000000 1.000000
6561.639160 0.000000 2119.959473 0.000000 0.593241 0.000000 -0.805025 1.000000 1.000000 1.000000
6566.465332 0.000000 2115.019531 0.000000 0.801882 0.000000 -0.597482 1.000000 1.000000 1.000000
6585.614258 0.000000 2142.302979 0.000000 0.311544 0.000000 -0.950232 1.000000 1.000000 1.000000
6628.590332 0.000000 2156.412842 0.000000 0.339521 0.000000 -0.940599 1.000000 1.000000 1.000000
6640.446289 0.000000 2157.237061 0.000000 0.449905 0.000000 -0.893077 1.000000 1.000000 1.000000
6690.997070 0.000000 2145.885254 0.000000 0.125102 0.000000 -0.992144 1.000000 1.000000 1.000000
6729.163574 0.000000 2129.222656 0.000000 0.693175 0.000000 -0.720769 1.000000 1.000000 1.000000
6771.521484 0.000000 2117.930664 0.000000 0.231492 0.000000 -0.972837 1.000000 1.000000 1.000000
7165.935547 0.000000 2345.889404 0.000000 0.229767 0.000000 -0.973246 1.000000 1.000000 1.000000
6957.233887 0.000000 2511.209717 0.000000 0.484229 0.000000 -0.874941 1.000000 1.000000 1.000000
7203.373047 0.000000 2342.802734 0.000000 0.025917 0.000000 -0.999664 1.000000 1.000000 1.000000
7218.317383 0.000000 2375.534912 0.000000 0.662481 0.000000 -0.749079 1.000000 1.000000 1.000000
"}
