object={
	name="env_geyser_large_obj"
	clamp_to_water_level=no
	render_under_water=yes
	generated_content=no
	layer="environmental_effects"
	entity="env_geyser_large"
	count=0
}
object={
	name="env_geyser_medium_obj"
	clamp_to_water_level=no
	render_under_water=yes
	generated_content=no
	layer="environmental_effects"
	entity="env_geyser_medium"
	count=5
	transform="6082.688477 0.000000 1393.489990 0.000000 0.000000 0.000000 1.000000 1.000000 1.000000 1.000000
6087.607910 0.000000 1372.954834 0.000000 0.000000 0.000000 1.000000 1.000000 1.000000 1.000000
6124.563965 0.000000 1405.743042 0.000000 0.000000 0.000000 1.000000 1.000000 1.000000 1.000000
6122.503906 0.000000 1446.487671 0.000000 0.000000 0.000000 1.000000 1.000000 1.000000 1.000000
6196.043945 0.000000 1424.556274 0.000000 0.000000 0.000000 1.000000 1.000000 1.000000 1.000000
"}
object={
	name="env_geyser_small_obj"
	clamp_to_water_level=no
	render_under_water=yes
	generated_content=no
	layer="environmental_effects"
	entity="env_geyser_small"
	count=0
}
object={
	name="env_godrays"
	clamp_to_water_level=no
	render_under_water=no
	generated_content=no
	layer="day_effects"
	entity="env_god_rays"
	count=0
}
object={
	name="env_jungle_mist_l"
	clamp_to_water_level=no
	render_under_water=no
	generated_content=no
	layer="environmental_effects"
	entity="env_jungle_mist_l"
	count=9
	transform="1380.159912 0.000000 1161.400269 0.000000 0.000000 0.000000 1.000000 1.000000 1.000000 1.000000
1248.079834 0.000000 1114.299438 0.000000 0.000000 0.000000 1.000000 1.000000 1.000000 1.000000
1270.401367 0.000000 1289.646484 0.000000 0.000000 0.000000 1.000000 1.000000 1.000000 1.000000
1709.085938 0.000000 1984.920776 0.000000 0.000000 0.000000 1.000000 1.000000 1.000000 1.000000
1606.797852 0.000000 2005.073853 0.000000 0.000000 0.000000 1.000000 1.000000 1.000000 1.000000
1495.935669 0.000000 2023.009399 0.000000 0.000000 0.000000 1.000000 1.000000 1.000000 1.000000
1411.839355 0.000000 2111.523193 0.000000 0.000000 0.000000 1.000000 1.000000 1.000000 1.000000
1804.043457 0.000000 2087.258545 0.000000 0.000000 0.000000 1.000000 1.000000 1.000000 1.000000
1120.450317 0.000000 1366.158569 0.000000 0.000000 0.000000 1.000000 1.000000 1.000000 1.000000
"}
object={
	name="env_jungle_mist_s"
	clamp_to_water_level=no
	render_under_water=no
	generated_content=no
	layer="environmental_effects"
	entity="env_jungle_mist_s"
	count=3
	transform="1640.294312 0.000000 948.152893 0.000000 0.000000 0.000000 1.000000 1.000000 1.000000 1.000000
1517.623901 0.000000 923.351562 0.000000 0.000000 0.000000 1.000000 1.000000 1.000000 1.000000
1570.971069 0.000000 828.604492 0.000000 0.000000 0.000000 1.000000 1.000000 1.000000 1.000000
"}
object={
	name="env_rolling_clouds"
	clamp_to_water_level=yes
	render_under_water=no
	generated_content=no
	layer="environmental_effects"
	entity="env_mist"
	count=35
	transform="1814.726929 0.000000 1844.850464 0.000000 0.000000 0.000000 1.000000 1.000000 1.000000 1.000000
1692.725464 0.000000 1794.909424 0.000000 0.000000 0.000000 1.000000 1.000000 1.000000 1.000000
1799.283203 0.000000 1714.319214 0.000000 0.000000 0.000000 1.000000 1.000000 1.000000 1.000000
1826.684692 0.000000 1587.492920 0.000000 0.000000 0.000000 1.000000 1.000000 1.000000 1.000000
1687.178711 0.000000 1685.040283 0.000000 0.000000 0.000000 1.000000 1.000000 1.000000 1.000000
1598.352417 0.000000 2284.418457 0.000000 0.000000 0.000000 1.000000 1.000000 1.000000 1.000000
1660.357178 0.000000 2210.132324 0.000000 0.000000 0.000000 1.000000 1.000000 1.000000 1.000000
1838.041992 0.000000 2170.583740 0.000000 0.000000 0.000000 1.000000 1.000000 1.000000 1.000000
1966.069336 0.000000 2257.324219 0.000000 0.000000 0.000000 1.000000 1.000000 1.000000 1.000000
2058.202881 0.000000 2404.438232 0.000000 0.000000 0.000000 1.000000 1.000000 1.000000 1.000000
1650.160522 0.000000 2438.609375 0.000000 0.000000 0.000000 1.000000 1.000000 1.000000 1.000000
1827.294678 0.000000 2488.104248 0.000000 0.000000 0.000000 1.000000 1.000000 1.000000 1.000000
1912.104858 0.000000 2416.218750 0.000000 0.000000 0.000000 1.000000 1.000000 1.000000 1.000000
5949.038574 0.000000 539.749573 0.000000 0.000000 0.000000 1.000000 1.000000 1.000000 1.000000
6002.007812 0.000000 550.262085 0.000000 0.000000 0.000000 1.000000 1.000000 1.000000 1.000000
6051.528320 0.000000 1253.249268 0.000000 0.000000 0.000000 1.000000 1.000000 1.000000 1.000000
5890.998535 0.000000 1223.123291 0.000000 0.000000 0.000000 1.000000 1.000000 1.000000 1.000000
5731.393555 0.000000 1206.826050 0.000000 0.000000 0.000000 1.000000 1.000000 1.000000 1.000000
5775.428223 0.000000 1066.388916 0.000000 0.000000 0.000000 1.000000 1.000000 1.000000 1.000000
5853.283203 0.000000 967.705078 0.000000 0.000000 0.000000 1.000000 1.000000 1.000000 1.000000
6017.927734 0.000000 1037.849243 0.000000 0.000000 0.000000 1.000000 1.000000 1.000000 1.000000
6315.140137 0.000000 1317.683228 0.000000 0.000000 0.000000 1.000000 1.000000 1.000000 1.000000
6325.952637 0.000000 1234.736450 0.000000 0.000000 0.000000 1.000000 1.000000 1.000000 1.000000
6503.626953 0.000000 1144.787720 0.000000 0.000000 0.000000 1.000000 1.000000 1.000000 1.000000
6454.458496 0.000000 1084.261719 0.000000 0.000000 0.000000 1.000000 1.000000 1.000000 1.000000
6462.156250 0.000000 966.245361 0.000000 0.000000 0.000000 1.000000 1.000000 1.000000 1.000000
6446.342285 0.000000 896.934814 0.000000 0.000000 0.000000 1.000000 1.000000 1.000000 1.000000
6338.559082 0.000000 889.085327 0.000000 0.000000 0.000000 1.000000 1.000000 1.000000 1.000000
6312.907715 0.000000 830.258301 0.000000 0.000000 0.000000 1.000000 1.000000 1.000000 1.000000
6351.463867 0.000000 727.449036 0.000000 0.000000 0.000000 1.000000 1.000000 1.000000 1.000000
6098.777832 0.000000 789.935120 0.000000 0.000000 0.000000 1.000000 1.000000 1.000000 1.000000
6029.512695 0.000000 797.962158 0.000000 0.000000 0.000000 1.000000 1.000000 1.000000 1.000000
6042.958984 0.000000 866.242249 0.000000 0.000000 0.000000 1.000000 1.000000 1.000000 1.000000
6017.053223 0.000000 898.012878 0.000000 0.000000 0.000000 1.000000 1.000000 1.000000 1.000000
5967.618652 0.000000 941.175659 0.000000 0.000000 0.000000 1.000000 1.000000 1.000000 1.000000
"}
object={
	name="env_rolling_fog_mountain"
	clamp_to_water_level=no
	render_under_water=no
	generated_content=no
	layer="environmental_effects"
	entity="env_rolling_fog_mountain"
	count=0
}
object={
	name="env_sandstorm_obj"
	clamp_to_water_level=no
	render_under_water=no
	generated_content=no
	layer="environmental_effects"
	entity="env_sandstorm"
	count=4
	transform="1710.275879 0.000000 664.707214 0.000000 0.000000 0.000000 1.000000 1.000000 1.000000 1.000000
1935.484985 0.000000 742.470032 0.000000 0.000000 0.000000 1.000000 1.000000 1.000000 1.000000
1846.066162 0.000000 802.812561 0.000000 0.000000 0.000000 1.000000 1.000000 1.000000 1.000000
1763.346069 0.000000 880.778564 0.000000 0.000000 0.000000 1.000000 1.000000 1.000000 1.000000
"}
object={
	name="env_sandstorm_small"
	clamp_to_water_level=no
	render_under_water=no
	generated_content=no
	layer="environmental_effects"
	entity="env_sandstorm_small"
	count=6
	transform="1842.059204 0.000000 706.168762 0.000000 0.000000 0.000000 1.000000 1.000000 1.000000 1.000000
1760.121826 0.000000 761.964722 0.000000 0.000000 0.000000 1.000000 1.000000 1.000000 1.000000
1851.885132 0.000000 874.062439 0.000000 0.000000 0.000000 1.000000 1.000000 1.000000 1.000000
2014.180664 0.000000 1738.418457 0.000000 0.000000 0.000000 1.000000 1.000000 1.000000 1.000000
1991.933838 0.000000 1665.374023 0.000000 0.000000 0.000000 1.000000 1.000000 1.000000 1.000000
1930.334839 0.000000 1707.973267 0.000000 0.000000 0.000000 1.000000 1.000000 1.000000 1.000000
"}
object={
	name="env_snow_01_obj"
	clamp_to_water_level=no
	render_under_water=yes
	generated_content=no
	layer="environmental_effects"
	entity="env_snow_01"
	count=13
	transform="2019.227783 0.000000 2660.182129 0.000000 0.000000 0.000000 1.000000 1.000000 1.000000 1.000000
1751.189575 0.000000 2497.468018 0.000000 0.000000 0.000000 1.000000 1.000000 1.000000 1.000000
1886.265015 0.000000 2466.825195 0.000000 0.000000 0.000000 1.000000 1.000000 1.000000 1.000000
5883.388184 0.000000 1126.023193 0.000000 0.000000 0.000000 1.000000 1.000000 1.000000 1.000000
5916.903809 0.000000 1171.035278 0.000000 0.000000 0.000000 1.000000 1.000000 1.000000 1.000000
6059.485352 0.000000 1081.316406 0.000000 0.000000 0.000000 1.000000 1.000000 1.000000 1.000000
5868.965332 0.000000 1010.820862 0.000000 0.000000 0.000000 1.000000 1.000000 1.000000 1.000000
6066.402832 0.000000 1161.561523 0.000000 0.000000 0.000000 1.000000 1.000000 1.000000 1.000000
6042.424805 0.000000 1247.022827 0.000000 0.000000 0.000000 1.000000 1.000000 1.000000 1.000000
5805.828613 0.000000 1215.893555 0.000000 0.000000 0.000000 1.000000 1.000000 1.000000 1.000000
5764.019531 0.000000 1149.455811 0.000000 0.000000 0.000000 1.000000 1.000000 1.000000 1.000000
6155.936035 0.000000 1152.660400 0.000000 0.000000 0.000000 1.000000 1.000000 1.000000 1.000000
6187.783203 0.000000 1220.026611 0.000000 0.000000 0.000000 1.000000 1.000000 1.000000 1.000000
"}
object={
	name="env_snow_02_obj"
	clamp_to_water_level=no
	render_under_water=yes
	generated_content=no
	layer="environmental_effects"
	entity="env_snow_02"
	count=3
	transform="1926.245605 0.000000 2727.912842 0.000000 0.000000 0.000000 1.000000 1.000000 1.000000 1.000000
2017.780762 0.000000 2519.167725 0.000000 0.000000 0.000000 1.000000 1.000000 1.000000 1.000000
2016.847900 0.000000 2392.143555 0.000000 0.000000 0.000000 1.000000 1.000000 1.000000 1.000000
"}
object={
	name="env_snow_fall"
	clamp_to_water_level=no
	render_under_water=no
	generated_content=no
	layer="environmental_effects"
	entity="env_snow_fall"
	count=18
	transform="1942.190186 0.000000 2659.603760 0.000000 0.000000 0.000000 1.000000 1.000000 1.000000 1.000000
1974.819214 0.000000 2564.368652 0.000000 0.000000 0.000000 1.000000 1.000000 1.000000 1.000000
1974.684082 0.000000 2398.715332 0.000000 0.000000 0.000000 1.000000 1.000000 1.000000 1.000000
1762.105957 0.000000 2537.767578 0.000000 0.000000 0.000000 1.000000 1.000000 1.000000 1.000000
5873.141113 0.000000 1035.064087 0.000000 0.000000 0.000000 1.000000 1.000000 1.000000 1.000000
5809.008789 0.000000 1133.430908 0.000000 0.000000 0.000000 1.000000 1.000000 1.000000 1.000000
5807.232422 0.000000 1180.919189 0.000000 0.000000 0.000000 1.000000 1.000000 1.000000 1.000000
5882.837891 0.000000 1162.850464 0.000000 0.000000 0.000000 1.000000 1.000000 1.000000 1.000000
5937.972656 0.000000 1182.269653 0.000000 0.000000 0.000000 1.000000 1.000000 1.000000 1.000000
5896.762695 0.000000 1120.312500 0.000000 0.000000 0.000000 1.000000 1.000000 1.000000 1.000000
5996.324219 0.000000 1138.976440 0.000000 0.000000 0.000000 1.000000 1.000000 1.000000 1.000000
6043.981934 0.000000 1132.792480 0.000000 0.000000 0.000000 1.000000 1.000000 1.000000 1.000000
5951.248047 0.000000 1080.260620 0.000000 0.000000 0.000000 1.000000 1.000000 1.000000 1.000000
6060.463867 0.000000 1101.989624 0.000000 0.000000 0.000000 1.000000 1.000000 1.000000 1.000000
6129.971191 0.000000 1105.681885 0.000000 0.000000 0.000000 1.000000 1.000000 1.000000 1.000000
6123.988281 0.000000 1172.685913 0.000000 0.000000 0.000000 1.000000 1.000000 1.000000 1.000000
6158.332031 0.000000 1234.945068 0.000000 0.000000 0.000000 1.000000 1.000000 1.000000 1.000000
6169.353516 0.000000 1117.020874 0.000000 0.000000 0.000000 1.000000 1.000000 1.000000 1.000000
"}
object={
	name="env_snow_fall_small"
	clamp_to_water_level=no
	render_under_water=no
	generated_content=no
	layer="environmental_effects"
	entity="env_snow_fall_small"
	count=4
	transform="6042.005371 0.000000 1224.124634 0.000000 0.000000 0.000000 1.000000 1.000000 1.000000 1.000000
6061.181152 0.000000 1161.889160 0.000000 0.000000 0.000000 1.000000 1.000000 1.000000 1.000000
5983.408203 0.000000 1079.179932 0.000000 0.000000 0.000000 1.000000 1.000000 1.000000 1.000000
5924.538574 0.000000 1116.201050 0.000000 0.000000 0.000000 1.000000 1.000000 1.000000 1.000000
"}
object={
	name="env_swamp_fog"
	clamp_to_water_level=no
	render_under_water=no
	generated_content=no
	layer="environmental_effects"
	entity="env_swamp_fog"
	count=9
	transform="6313.592285 0.000000 560.932556 0.000000 0.000000 0.000000 1.000000 1.000000 1.000000 1.000000
6252.861816 0.000000 554.126099 0.000000 0.000000 0.000000 1.000000 1.000000 1.000000 1.000000
6344.709961 0.000000 584.410461 0.000000 0.000000 0.000000 1.000000 1.000000 1.000000 1.000000
6391.787109 0.000000 515.571716 0.000000 0.000000 0.000000 1.000000 1.000000 1.000000 1.000000
6401.648438 0.000000 593.252197 0.000000 0.000000 0.000000 1.000000 1.000000 1.000000 1.000000
6071.164062 0.000000 1366.610596 0.000000 0.000000 0.000000 1.000000 1.000000 1.000000 1.000000
6068.232422 0.000000 1412.414062 0.000000 0.000000 0.000000 1.000000 1.000000 1.000000 1.000000
6116.805176 0.000000 1428.432739 0.000000 0.000000 0.000000 1.000000 1.000000 1.000000 1.000000
6191.446289 0.000000 1408.792847 0.000000 0.000000 0.000000 1.000000 1.000000 1.000000 1.000000
"}
object={
	name="env_volcano_idle_obj"
	clamp_to_water_level=no
	render_under_water=no
	generated_content=no
	layer="environmental_effects"
	entity="env_volcano_idle"
	count=2
	transform="6056.398438 0.000000 882.067078 0.000000 0.000000 0.000000 1.000000 1.000000 1.000000 1.000000
6044.996094 0.000000 892.774170 0.000000 0.000000 0.000000 1.000000 1.000000 1.000000 1.000000
"}
object={
	name="env_waterfall_bottom"
	clamp_to_water_level=no
	render_under_water=yes
	generated_content=no
	layer="environmental_effects"
	entity="env_waterfall_02"
	count=0
}
object={
	name="env_waterfall_top"
	clamp_to_water_level=no
	render_under_water=yes
	generated_content=no
	layer="environmental_effects"
	entity="env_waterfall_01"
	count=0
}
object={
	name="rock_granite_river_01_entity"
	clamp_to_water_level=no
	render_under_water=yes
	generated_content=no
	layer="environmental_effects"
	entity="rock_granite_river_01_entity"
	count=0
}
object={
	name="sfx_rain_emitter"
	clamp_to_water_level=no
	render_under_water=no
	generated_content=no
	layer="environmental_effects"
	entity="vfx_rain_emitter"
	count=15
	transform="1400.406128 0.000000 2073.745361 0.000000 0.000000 0.000000 1.000000 1.000000 1.000000 1.000000
1481.327026 0.000000 2061.488281 0.000000 0.000000 0.000000 1.000000 1.000000 1.000000 1.000000
1558.152710 0.000000 2017.101196 0.000000 0.000000 0.000000 1.000000 1.000000 1.000000 1.000000
1639.447510 0.000000 1986.434814 0.000000 0.000000 0.000000 1.000000 1.000000 1.000000 1.000000
1773.057129 0.000000 2071.968750 0.000000 0.000000 0.000000 1.000000 1.000000 1.000000 1.000000
1834.239502 0.000000 2110.604492 0.000000 0.000000 0.000000 1.000000 1.000000 1.000000 1.000000
1722.443115 0.000000 1965.787476 0.000000 0.000000 0.000000 1.000000 1.000000 1.000000 1.000000
1236.183350 0.000000 1077.423706 0.000000 0.000000 0.000000 1.000000 1.000000 1.000000 1.000000
1245.731567 0.000000 1192.924438 0.000000 0.000000 0.000000 1.000000 1.000000 1.000000 1.000000
1111.689209 0.000000 1346.703613 0.000000 0.000000 0.000000 1.000000 1.000000 1.000000 1.000000
1114.448364 0.000000 1411.515991 0.000000 0.000000 0.000000 1.000000 1.000000 1.000000 1.000000
1243.369019 0.000000 1258.878784 0.000000 0.000000 0.000000 1.000000 1.000000 1.000000 1.000000
1361.888794 0.000000 1234.826294 0.000000 0.000000 0.000000 1.000000 1.000000 1.000000 1.000000
1382.439941 0.000000 1150.865234 0.000000 0.000000 0.000000 1.000000 1.000000 1.000000 1.000000
1428.330444 0.000000 1230.832397 0.000000 0.000000 0.000000 1.000000 1.000000 1.000000 1.000000
"}
object={
	name="sfx_sandstorm_emitter"
	clamp_to_water_level=no
	render_under_water=no
	generated_content=no
	layer="environmental_effects"
	entity="vfx_sandstorm_emitter"
	count=4
	transform="1788.883301 0.000000 874.900146 0.000000 0.000000 0.000000 1.000000 1.000000 1.000000 1.000000
1943.524414 0.000000 734.564453 0.000000 0.000000 0.000000 1.000000 1.000000 1.000000 1.000000
1829.421021 0.000000 710.384644 0.000000 0.000000 0.000000 1.000000 1.000000 1.000000 1.000000
1703.517334 0.000000 649.744263 0.000000 0.000000 0.000000 1.000000 1.000000 1.000000 1.000000
"}
object={
	name="sfx_snowstorm_emitter"
	clamp_to_water_level=no
	render_under_water=no
	generated_content=no
	layer="environmental_effects"
	entity="vfx_snowstorm_emitter"
	count=11
	transform="2013.981445 0.000000 2409.999268 0.000000 0.000000 0.000000 1.000000 1.000000 1.000000 1.000000
1990.867432 0.000000 2546.554932 0.000000 0.000000 0.000000 1.000000 1.000000 1.000000 1.000000
1928.787109 0.000000 2680.599365 0.000000 0.000000 0.000000 1.000000 1.000000 1.000000 1.000000
1784.914307 0.000000 2537.023926 0.000000 0.000000 0.000000 1.000000 1.000000 1.000000 1.000000
5867.827637 0.000000 1036.147583 0.000000 0.000000 0.000000 1.000000 1.000000 1.000000 1.000000
5894.887695 0.000000 1137.421997 0.000000 0.000000 0.000000 1.000000 1.000000 1.000000 1.000000
5958.092285 0.000000 1085.692871 0.000000 0.000000 0.000000 1.000000 1.000000 1.000000 1.000000
6004.427246 0.000000 1136.438232 0.000000 0.000000 0.000000 1.000000 1.000000 1.000000 1.000000
6071.057129 0.000000 1100.647339 0.000000 0.000000 0.000000 1.000000 1.000000 1.000000 1.000000
6164.879883 0.000000 1106.759888 0.000000 0.000000 0.000000 1.000000 1.000000 1.000000 1.000000
6127.411133 0.000000 1212.011963 0.000000 0.000000 0.000000 1.000000 1.000000 1.000000 1.000000
"}
