object={
	name="lakes"
	clamp_to_water_level=no
	render_under_water=yes
	generated_content=no
	layer="static"
	pdxmesh="lake_mesh"
	count=115
	transform="765.003418 0.317871 2688.147949 0.000000 -0.054243 0.000000 -0.998528 6.724962 6.724962 6.724962
767.650024 0.317871 2692.558105 0.000000 -0.054243 0.000000 -0.998528 6.724962 6.724962 6.724962
752.919373 0.317871 2677.827148 0.000000 0.357830 0.000000 -0.933787 15.116588 15.116588 15.116588
745.018738 -0.500488 2673.931641 0.000000 0.519876 0.000000 -0.854242 15.116588 15.116588 15.116588
729.453491 -0.118164 2648.368896 0.000000 0.519876 0.000000 -0.854242 15.116588 15.116588 15.116588
702.346802 0.562012 2694.153076 0.000000 0.719666 0.000000 0.694320 8.743972 8.743972 8.743972
580.400940 0.829590 2680.498779 0.000000 0.818328 0.000000 0.574751 11.985906 11.985906 11.985906
623.763733 0.000000 2753.381836 0.000000 0.000000 0.000000 1.000000 9.532880 9.532880 9.532880
930.858154 0.404541 2414.170166 0.000000 0.000000 0.000000 1.000000 16.164103 16.164103 16.164103
1613.355713 -0.321533 2642.950684 0.000000 0.655032 0.000000 -0.755601 48.248505 48.248505 48.248505
1654.390625 -0.079346 2579.601807 0.000000 -0.555039 0.000000 0.831825 19.473677 19.473677 19.473677
1649.176514 0.140137 2506.807617 0.000000 -0.347815 0.000000 0.937563 9.709925 9.709925 9.709925
1532.082397 0.480225 2518.428711 0.000000 -0.465574 0.000000 0.885009 7.775478 7.775478 7.775478
1543.805542 0.125977 2531.644531 0.000000 -0.470833 0.000000 0.882223 4.508227 4.508227 4.508227
1576.690674 -0.044189 2491.341797 0.000000 -0.365776 0.000000 0.930703 18.829170 18.829170 18.829170
1563.293457 0.165527 2502.804932 0.000000 -0.365776 0.000000 0.930703 18.829170 18.829170 18.829170
1842.245605 2.168213 2415.416504 0.000000 0.000000 0.000000 1.000000 21.342384 21.342384 21.342384
1628.969604 0.929199 2323.997314 0.000000 0.690420 0.000000 0.723409 25.501280 25.501280 25.501280
1665.468506 0.171387 2316.244873 0.000000 -0.676509 0.000000 0.736435 9.927993 9.927993 9.927993
1658.878052 0.543945 2307.457275 0.000000 -0.999329 0.000000 0.036639 14.478765 14.478765 14.478765
1682.083008 -0.031738 2388.108398 0.000000 0.067195 0.000000 0.997740 13.627295 13.627295 13.627295
1787.108521 0.375488 2233.558350 0.000000 0.000000 0.000000 1.000000 69.223206 69.223206 69.223206
1557.089111 0.000000 2062.309326 0.000000 0.000000 0.000000 1.000000 28.320608 28.320608 28.320608
1456.504517 -0.027832 2086.798584 0.000000 0.656041 0.000000 0.754725 33.636845 33.636845 33.636845
1477.814087 -0.027832 2086.441895 0.000000 0.656041 0.000000 0.754725 33.636845 33.636845 33.636845
1448.356812 0.000000 2001.879028 0.000000 0.869776 0.000000 0.493446 35.579933 35.579933 35.579933
1379.002441 -0.149414 1978.405640 0.000000 -0.062520 0.000000 0.998044 16.778297 16.778297 16.778297
1396.265137 1.153442 1973.730957 0.000000 -0.062520 0.000000 0.998044 16.778297 16.778297 16.778297
1310.693848 0.185059 1952.850830 0.000000 0.900729 0.000000 0.434382 16.107847 16.107847 16.107847
1318.350342 0.185059 1945.391479 0.000000 0.900729 0.000000 0.434382 16.107847 16.107847 16.107847
1296.863892 0.593872 1816.642822 0.000000 0.785113 0.000000 0.619353 17.423265 17.423265 17.423265
1302.611450 0.296509 1866.119385 0.000000 0.416351 0.000000 0.909204 8.714273 8.714273 8.714273
1144.149902 0.077393 2090.484619 0.000000 -0.613392 0.000000 -0.789779 11.394384 11.394384 11.394384
1554.049072 0.249512 1993.550049 0.000000 0.000000 0.000000 1.000000 35.604160 35.604160 35.604160
1559.267944 0.379517 1926.198364 0.000000 -0.102824 0.000000 -0.994700 29.511000 29.511000 29.511000
1556.584106 0.388672 1942.263062 0.000000 -0.102824 0.000000 -0.994700 29.511000 29.511000 29.511000
1668.168579 0.042847 2012.101685 0.000000 0.889724 0.000000 0.456498 11.619410 11.619410 11.619410
1656.758545 0.185181 1995.229736 0.000000 0.917401 0.000000 0.397965 11.619410 11.619410 11.619410
1646.199585 0.185181 1973.307983 0.000000 0.917401 0.000000 0.397965 11.619410 11.619410 11.619410
1632.089600 0.185181 1958.136230 0.000000 0.917401 0.000000 0.397965 11.619410 11.619410 11.619410
1675.703735 0.272827 1628.267822 0.000000 0.991277 0.000000 -0.131791 10.045297 10.045297 10.045297
1676.862793 -0.096069 1632.594116 0.000000 0.991277 0.000000 -0.131791 15.019633 15.019633 15.019633
1782.937378 0.490356 1605.602173 0.000000 0.326195 0.000000 0.945303 16.175322 16.175322 16.175322
1654.805908 0.157471 1765.625610 0.000000 0.787911 0.000000 0.615789 14.482163 14.482163 14.482163
1794.696899 0.255127 1883.423584 0.000000 -0.216876 0.000000 0.976199 12.932530 12.932530 12.932530
1679.333740 0.339111 1944.435547 0.000000 0.449878 0.000000 0.893090 22.070877 22.070877 22.070877
1769.069092 0.776245 1987.392212 0.000000 0.698632 0.000000 0.715481 22.432388 22.432388 22.432388
1809.470337 0.455322 2003.297729 0.000000 0.555787 0.000000 0.831325 22.842939 22.842939 22.842939
1884.922241 0.109131 2275.957764 0.000000 0.617066 0.000000 0.786911 11.096660 11.096660 11.096660
1734.479858 0.187744 2399.164551 0.000000 0.726082 0.000000 0.687608 18.412945 18.412945 18.412945
1923.595337 -0.200195 1852.069092 0.000000 0.705585 0.000000 0.708625 36.577251 36.577251 36.577251
1904.065430 0.430054 1849.949585 0.000000 0.705585 0.000000 0.708625 36.577251 36.577251 36.577251
1514.621094 0.217529 1354.891113 0.000000 0.000000 0.000000 1.000000 37.743786 37.743786 37.743786
1305.833130 -0.196411 1398.488403 0.000000 0.000000 0.000000 1.000000 64.817680 64.817680 64.817680
1209.549561 -0.169189 1419.284546 0.000000 0.000000 0.000000 1.000000 84.713112 84.713112 84.713112
1160.293945 -0.423584 1363.880371 0.000000 -0.751747 0.000000 0.659451 14.556650 14.556650 14.556650
1242.344727 -0.082031 1178.124390 0.000000 0.173811 0.000000 0.984779 8.442597 8.442597 8.442597
1292.622559 -0.377930 1190.703613 0.000000 0.541448 0.000000 0.840734 24.753201 24.753201 24.753201
1533.361084 0.114502 1152.781982 0.000000 0.474060 0.000000 0.880492 40.781597 40.781597 40.781597
1350.777344 0.054077 1062.555054 0.000000 0.536183 0.000000 -0.844101 22.442722 22.442722 22.442722
1346.864624 0.260498 1081.106567 0.000000 0.985697 0.000000 0.168529 22.442722 22.442722 22.442722
1346.380737 0.467041 1081.270386 0.000000 0.844418 0.000000 0.535685 16.338516 16.338516 16.338516
1327.294067 0.467041 1096.371216 0.000000 0.844418 0.000000 0.535685 16.338516 16.338516 16.338516
1327.119751 0.547485 1065.592529 0.000000 0.675328 0.000000 0.737518 27.954287 27.954287 27.954287
1516.719849 0.372192 1300.272583 0.000000 0.000000 0.000000 1.000000 20.499214 20.499214 20.499214
1488.049805 3.719604 1298.262451 0.000000 0.000000 0.000000 1.000000 20.499214 20.499214 20.499214
1407.332764 -0.573486 740.386292 0.000000 -0.147712 0.000000 0.989031 39.711479 39.711479 39.711479
1341.819092 0.084351 734.961426 0.000000 0.028362 0.000000 0.999598 46.963200 46.963200 46.963200
1357.458984 0.084351 683.980225 0.000000 0.571629 0.000000 0.820512 37.064007 37.064007 37.064007
6090.924805 -4.012115 300.477905 0.000000 0.039540 0.000000 0.999218 49.437702 49.437702 49.437702
6134.863281 -3.817261 285.042389 0.000000 -0.611165 0.000000 0.791503 40.526318 40.526318 40.526318
5970.770020 0.832581 661.946350 0.000000 0.000000 0.000000 1.000000 38.620499 38.620499 38.620499
6058.172363 -0.867371 729.540283 0.000000 -0.028378 0.000000 0.999597 45.030876 45.030876 45.030876
6049.441895 -0.365662 696.868896 0.000000 -0.028378 0.000000 0.999597 45.030876 45.030876 45.030876
5868.317871 2.117859 716.385132 0.000000 -0.389160 0.000000 0.921170 22.081413 22.081413 22.081413
5877.433594 4.053772 671.626099 0.000000 0.196049 0.000000 0.980594 16.827400 16.827400 16.827400
5838.144043 4.757568 738.403076 0.000000 0.661883 0.000000 0.749607 23.388527 23.388527 23.388527
5896.293457 -5.823120 818.612244 0.000000 0.901027 0.000000 0.433763 23.388527 23.388527 23.388527
5899.475098 -3.703064 783.511414 0.000000 0.901027 0.000000 0.433763 43.656807 43.656807 43.656807
5851.546875 3.840088 801.786804 0.000000 -0.707669 0.000000 0.706544 67.247040 67.247040 67.247040
6219.400879 5.456116 668.371521 0.000000 0.000000 0.000000 1.000000 77.494560 77.494560 77.494560
6304.030273 -0.875305 665.677002 0.000000 0.000000 0.000000 1.000000 59.531006 59.531006 59.531006
6161.431152 1.489807 765.578857 0.000000 -0.717433 0.000000 0.696628 15.665446 15.665446 15.665446
6125.886719 0.593628 746.430237 0.000000 -0.342015 0.000000 0.939695 31.669155 31.669155 31.669155
6464.229980 -0.045166 1190.099365 0.000000 0.124130 0.000000 0.992266 14.956488 14.956488 14.956488
6381.629883 0.621094 1247.581909 0.000000 -0.812676 0.000000 0.582715 20.295712 20.295712 20.295712
6405.200195 1.068359 1247.841309 0.000000 -0.147229 0.000000 0.989102 20.295712 20.295712 20.295712
6391.541992 0.565674 1260.462402 0.000000 -0.147229 0.000000 0.989102 17.887577 17.887577 17.887577
6415.041992 1.475708 1272.557251 0.000000 -0.486640 0.000000 0.873603 20.295712 20.295712 20.295712
6417.724121 0.250244 1264.386719 0.000000 -0.260568 0.000000 0.965455 20.295712 20.295712 20.295712
6345.810547 0.046143 1443.283203 0.000000 0.000000 0.000000 1.000000 17.330517 17.330517 17.330517
6316.888672 3.527222 1561.203369 0.000000 -0.644227 0.000000 0.764834 27.684423 27.684423 27.684423
6286.155273 3.263672 1570.881836 0.000000 0.000000 0.000000 1.000000 6.715311 6.715311 6.715311
6140.349609 -1.478760 1604.269165 0.000000 0.151393 0.000000 0.988474 18.278223 18.278223 18.278223
6368.569336 0.119385 1706.487915 0.000000 0.316485 0.000000 0.948598 3.670192 3.670192 3.670192
6378.062988 0.160889 1694.719849 0.000000 0.451771 0.000000 0.892134 5.073267 5.073267 5.073267
6462.621094 0.321289 1797.957886 0.000000 0.754438 0.000000 0.656371 6.764627 6.764627 6.764627
6439.586914 -1.384033 1808.572021 0.000000 0.110613 0.000000 0.993864 22.850407 22.850407 22.850407
6391.462891 0.437866 1822.078979 0.000000 0.110613 0.000000 0.993864 30.589687 30.589687 30.589687
6337.491211 1.242554 1827.054810 0.000000 0.000000 0.000000 1.000000 30.589687 30.589687 30.589687
1739.533936 0.000000 2694.225586 0.000000 0.999604 0.000000 -0.028153 71.430504 71.430504 71.430504
1734.946655 0.000000 2651.885498 0.000000 0.064058 0.000000 0.997946 49.030972 49.030972 49.030972
6322.057617 0.000000 1145.781250 0.000000 0.762546 0.000000 -0.646934 45.022072 45.022072 45.022072
1297.068237 0.000000 1441.065186 0.000000 0.000000 0.000000 1.000000 56.854225 56.854225 56.854225
1293.425171 0.000000 1485.797119 0.000000 0.776351 0.000000 0.630301 25.690552 25.690552 25.690552
1343.618164 0.000000 1487.554565 0.000000 0.000000 0.000000 1.000000 40.082443 40.082443 40.082443
6114.479980 0.000000 393.081085 0.000000 0.000000 0.000000 1.000000 91.123817 91.123817 91.123817
1318.180298 0.000000 3027.766113 0.000000 0.991453 0.000000 0.130467 18.813744 18.813744 18.813744
1316.094727 0.000000 2901.717041 0.000000 -0.197156 0.000000 0.980372 52.724560 52.724560 52.724560
1158.077759 0.000000 2874.849365 0.000000 0.418362 0.000000 0.908281 25.294783 25.294783 25.294783
1120.282349 0.000000 2947.740234 0.000000 0.703354 0.000000 0.710839 38.538303 38.538303 38.538303
1104.138794 0.000000 2944.869873 0.000000 0.705715 0.000000 0.708496 17.862160 17.862160 17.862160
1098.716797 0.000000 2921.288330 0.000000 0.669262 0.000000 0.743026 15.551859 15.551859 15.551859
1214.637451 0.000000 2911.108887 0.000000 0.496566 0.000000 0.867999 49.174381 49.174381 49.174381
1224.775024 0.000000 3024.045898 0.000000 0.690906 0.000000 0.722945 58.474537 58.474537 58.474537
"}
